g	75	190	10	10	0	0	35s	100	1	5101
g	106	198	10	10	0	0	35s	100	1	5101
g	146	199	10	10	0	0	35s	100	1	5101
g	169	169	10	10	0	0	35s	100	1	5101
g	165	190	10	10	0	0	35s	100	1	5101
g	142	221	10	10	0	0	35s	100	1	5101
g	168	257	10	10	0	0	35s	100	1	5101
g	180	273	10	10	0	0	35s	100	1	5101
g	196	335	10	10	0	0	35s	100	1	5101
g	184	347	10	10	0	0	35s	100	1	5101
g	193	349	10	10	0	0	35s	100	1	5101
g	406	297	10	10	0	0	35s	100	1	5101
g	384	323	10	10	0	0	35s	100	1	5101
g	354	348	10	10	0	0	35s	100	1	5101
g	317	358	10	10	0	0	35s	100	1	5101
g	335	373	10	10	0	0	35s	100	1	5101
g	375	363	10	10	0	0	35s	100	1	5101
g	393	332	10	10	0	0	35s	100	1	5101
g	408	299	10	10	0	0	35s	100	1	5101
g	397	221	10	10	0	0	35s	100	1	5101
g	369	166	10	10	0	0	35s	100	1	5101
g	335	201	10	10	0	0	35s	100	1	5101
g	367	190	10	10	0	0	35s	100	1	5101
g	376	155	10	10	0	0	35s	100	1	5101
g	388	89	10	10	0	0	35s	100	1	5101
g	454	86	10	10	0	0	35s	100	1	5102
g	398	92	10	10	0	0	35s	100	1	5102
g	397	138	10	10	0	0	35s	100	1	5102
g	398	71	10	10	0	0	35s	100	1	5102
g	369	46	10	10	0	0	35s	100	1	5102
g	354	52	10	10	0	0	35s	100	1	5102
g	376	84	10	10	0	0	35s	100	1	5102
g	377	58	10	10	0	0	35s	100	1	5102
g	302	46	10	10	0	0	35s	100	1	5102
g	282	54	10	10	0	0	35s	100	1	5102
g	254	50	10	10	0	0	35s	100	1	5102
g	256	92	10	10	0	0	35s	100	1	5102
g	269	121	10	10	0	0	35s	100	1	5102
g	313	128	10	10	0	0	35s	100	1	5102
g	324	94	10	10	0	0	35s	100	1	5102
g	312	71	10	10	0	0	35s	100	1	5102
g	299	129	10	10	0	0	35s	100	1	5102
g	290	132	10	10	0	0	35s	100	1	5102
g	291	160	10	10	0	0	35s	100	1	5102
g	302	203	10	10	0	0	35s	100	1	5102
g	304	225	10	10	0	0	35s	100	1	5102
g	311	236	10	10	0	0	35s	100	1	5102
g	240	138	10	10	0	0	35s	100	1	5102
g	219	138	10	10	0	0	35s	100	1	5102
g	210	178	10	10	0	0	35s	100	1	5102
g	309	299	10	10	0	0	35s	100	1	5103
g	321	350	10	10	0	0	35s	100	1	5103
g	300	381	10	10	0	0	35s	100	1	5103
g	259	399	10	10	0	0	35s	100	1	5103
g	224	358	10	10	0	0	35s	100	1	5103
g	203	343	10	10	0	0	35s	100	1	5103
g	202	387	10	10	0	0	35s	100	1	5103
g	248	380	10	10	0	0	35s	100	1	5103
g	235	345	10	10	0	0	35s	100	1	5103
g	268	330	10	10	0	0	35s	100	1	5103
g	249	314	10	10	0	0	35s	100	1	5103
g	224	303	10	10	0	0	35s	100	1	5103
g	200	310	10	10	0	0	35s	100	1	5103
g	212	369	10	10	0	0	35s	100	1	5103
g	220	407	10	10	0	0	35s	100	1	5103
g	196	413	10	10	0	0	35s	100	1	5103
g	150	440	10	10	0	0	35s	100	1	5103
g	111	461	10	10	0	0	35s	100	1	5103
g	110	452	10	10	0	0	35s	100	1	5103
g	113	411	10	10	0	0	35s	100	1	5103
g	113	371	10	10	0	0	35s	100	1	5103
g	99	346	10	10	0	0	35s	100	1	5103
g	56	381	10	10	0	0	35s	100	1	5103
g	51	419	10	10	0	0	35s	100	1	5103
g	60	428	10	10	0	0	35s	100	1	5103
g	65	296	10	10	0	0	35s	100	1	5103
g	69	269	10	10	0	0	35s	100	1	5103
g	68	251	10	10	0	0	35s	100	1	5103
g	70	463	10	10	0	0	35s	100	1	5104
g	93	453	10	10	0	0	35s	100	1	5104
g	118	422	10	10	0	0	35s	100	1	5104
g	118	370	10	10	0	0	35s	100	1	5104
g	85	328	10	10	0	0	35s	100	1	5104
g	58	365	10	10	0	0	35s	100	1	5104
g	79	361	10	10	0	0	35s	100	1	5104
g	79	331	10	10	0	0	35s	100	1	5104
g	96	298	10	10	0	0	35s	100	1	5104
g	70	255	10	10	0	0	35s	100	1	5104
g	50	235	10	10	0	0	35s	100	1	5104
g	47	278	10	10	0	0	35s	100	1	5104
g	54	333	10	10	0	0	35s	100	1	5104
g	68	332	10	10	0	0	35s	100	1	5104
g	120	323	10	10	0	0	35s	100	1	5104
g	126	302	10	10	0	0	35s	100	1	5104
g	121	282	10	10	0	0	35s	100	1	5104
g	119	270	10	10	0	0	35s	100	1	5104
g	119	268	10	10	0	0	35s	100	1	5104
g	166	161	10	10	0	0	35s	100	1	5104
g	172	139	10	10	0	0	35s	100	1	5104
g	153	103	10	10	0	0	35s	100	1	5104
g	122	92	10	10	0	0	35s	100	1	5104
g	93	116	10	10	0	0	35s	100	1	5104
g	213	104	10	10	0	0	35s	100	1	5104
g	205	64	10	10	0	0	35s	100	1	5104
g	206	53	10	10	0	0	35s	100	1	5104
g	237	48	10	10	0	0	35s	100	1	5104
g	391	108	10	10	0	0	35s	100	1	5105
g	463	107	10	10	0	0	35s	100	1	5105
g	454	87	10	10	0	0	35s	100	1	5105
g	428	96	10	10	0	0	35s	100	1	5105
g	421	117	10	10	0	0	35s	100	1	5105
g	375	124	10	10	0	0	35s	100	1	5105
g	376	156	10	10	0	0	35s	100	1	5105
g	384	170	10	10	0	0	35s	100	1	5105
g	384	203	10	10	0	0	35s	100	1	5105
g	404	252	10	10	0	0	35s	100	1	5105
g	422	273	10	10	0	0	35s	100	1	5105
g	413	287	10	10	0	0	35s	100	1	5105
g	291	264	10	10	0	0	35s	100	1	5106
g	315	292	10	10	0	0	35s	100	1	5106
g	332	303	10	10	0	0	35s	100	1	5106
g	336	326	10	10	0	0	35s	100	1	5106
g	337	341	10	10	0	0	35s	100	1	5106
g	344	353	10	10	0	0	35s	100	1	5106
g	409	335	10	10	0	0	35s	100	1	5106
g	413	294	10	10	0	0	35s	100	1	5106
g	285	187	10	10	0	0	35s	100	1	5106
g	282	154	10	10	0	0	35s	100	1	5106
g	273	132	10	10	0	0	35s	100	1	5106
g	271	121	10	10	0	0	35s	100	1	5106
