r	99	530	10	10	0	0	25s	100	1	956
r	92	561	10	10	0	0	25s	100	1	956
r	114	578	10	10	0	0	25s	100	1	956
r	142	555	10	10	0	0	25s	100	1	956
r	132	526	10	10	0	0	25s	100	1	956
r	106	544	10	10	0	0	25s	100	1	956
r	99	572	10	10	0	0	25s	100	1	956
r	92	603	10	10	0	0	25s	100	1	956
r	89	640	10	10	0	0	25s	100	1	956
r	92	668	10	10	0	0	25s	100	1	956
r	96	688	10	10	0	0	25s	100	1	956
r	91	712	10	10	0	0	25s	100	1	956
r	84	739	10	10	0	0	25s	100	1	956
r	102	752	10	10	0	0	25s	100	1	956
r	124	750	10	10	0	0	25s	100	1	956
r	140	747	10	10	0	0	25s	100	1	956
r	111	709	10	10	0	0	25s	100	1	956
r	89	720	10	10	0	0	25s	100	1	956
r	125	738	10	10	0	0	25s	100	1	956
r	142	727	10	10	0	0	25s	100	1	956
r	148	701	10	10	0	0	25s	100	1	956
r	144	681	10	10	0	0	25s	100	1	956
r	128	670	10	10	0	0	25s	100	1	956
r	117	695	10	10	0	0	25s	100	1	956
r	136	695	10	10	0	0	25s	100	1	956
r	121	640	10	10	0	0	25s	100	1	956
r	107	647	10	10	0	0	25s	100	1	956
r	102	669	10	10	0	0	25s	100	1	956
r	137	665	10	10	0	0	25s	100	1	956
r	139	642	10	10	0	0	25s	100	1	956
r	120	622	10	10	0	0	25s	100	1	956
r	99	635	10	10	0	0	25s	100	1	956
r	121	647	10	10	0	0	25s	100	1	956
r	142	609	10	10	0	0	25s	100	1	956
r	135	596	10	10	0	0	25s	100	1	956
r	118	592	10	10	0	0	25s	100	1	956
r	104	605	10	10	0	0	25s	100	1	956
r	142	598	10	10	0	0	25s	100	1	956
r	137	543	10	10	0	0	25s	100	1	956
r	111	543	10	10	0	0	25s	100	1	956
r	109	566	10	10	0	0	25s	100	1	956
r	132	562	10	10	0	0	25s	100	1	956
r	131	545	10	10	0	0	25s	100	1	956
r	118	540	10	10	0	0	25s	100	1	956
r	135	518	10	10	0	0	25s	100	1	956
r	147	556	10	10	0	0	25s	100	1	956
r	132	587	10	10	0	0	25s	100	1	956
r	136	668	10	10	0	0	25s	100	1	956
r	158	697	10	10	0	0	25s	100	1	956
r	177	714	10	10	0	0	25s	100	1	956
r	198	724	10	10	0	0	25s	100	1	956
r	140	723	10	10	0	0	25s	100	1	956
r	142	717	10	10	0	0	25s	100	1	956
r	176	736	10	10	0	0	25s	100	1	956
r	205	734	10	10	0	0	25s	100	1	956
r	246	734	10	10	0	0	25s	100	1	956
r	273	734	10	10	0	0	25s	100	1	956
r	302	731	10	10	0	0	25s	100	1	956
r	338	731	10	10	0	0	25s	100	1	956
r	375	730	10	10	0	0	25s	100	1	956
r	414	728	10	10	0	0	25s	100	1	956
r	441	730	10	10	0	0	25s	100	1	956
r	466	732	10	10	0	0	25s	100	1	956
r	458	736	10	10	0	0	25s	100	1	956
r	345	666	10	10	0	0	25s	100	1	956
r	286	673	10	10	0	0	25s	100	1	956
r	183	673	10	10	0	0	25s	100	1	956
r	150	668	10	10	0	0	25s	100	1	956
r	146	665	10	10	0	0	25s	100	1	956
r	260	669	10	10	0	0	25s	100	1	956
r	301	672	10	10	0	0	25s	100	1	956
r	324	672	10	10	0	0	25s	100	1	956
r	356	672	10	10	0	0	25s	100	1	956
r	246	665	10	10	0	0	25s	100	1	956
r	166	665	10	10	0	0	25s	100	1	956
r	151	664	10	10	0	0	25s	100	1	956
r	238	662	10	10	0	0	25s	100	1	956
r	332	664	10	10	0	0	25s	100	1	956
r	370	664	10	10	0	0	25s	100	1	956
r	407	664	10	10	0	0	25s	100	1	956
r	423	669	10	10	0	0	25s	100	1	956
r	426	632	10	10	0	0	25s	100	1	956
r	414	600	10	10	0	0	25s	100	1	956
r	414	578	10	10	0	0	25s	100	1	956
r	415	547	10	10	0	0	25s	100	1	956
r	431	485	10	10	0	0	25s	100	1	956
r	414	449	10	10	0	0	25s	100	1	956
r	397	452	10	10	0	0	25s	100	1	956
r	387	447	10	10	0	0	25s	100	1	956
r	405	447	10	10	0	0	25s	100	1	956
r	459	453	10	10	0	0	25s	100	1	956
r	452	438	10	10	0	0	25s	100	1	956
r	433	419	10	10	0	0	25s	100	1	956
r	400	426	10	10	0	0	25s	100	1	956
r	397	445	10	10	0	0	25s	100	1	956
r	441	447	10	10	0	0	25s	100	1	956
r	436	437	10	10	0	0	25s	100	1	956
r	411	425	10	10	0	0	25s	100	1	956
r	396	425	10	10	0	0	25s	100	1	956
r	389	392	10	10	0	0	25s	100	1	956
r	400	390	10	10	0	0	25s	100	1	956
r	401	408	10	10	0	0	25s	100	1	956
r	383	416	10	10	0	0	25s	100	1	956
r	385	418	10	10	0	0	25s	100	1	956
r	393	427	10	10	0	0	25s	100	1	956
r	420	393	10	10	0	0	25s	100	1	956
r	426	405	10	10	0	0	25s	100	1	956
r	425	418	10	10	0	0	25s	100	1	956
r	429	409	10	10	0	0	25s	100	1	956
r	440	393	10	10	0	0	25s	100	1	956
r	444	416	10	10	0	0	25s	100	1	956
r	445	433	10	10	0	0	25s	100	1	956
r	429	441	10	10	0	0	25s	100	1	956
r	420	430	10	10	0	0	25s	100	1	956
r	419	407	10	10	0	0	25s	100	1	956
r	422	396	10	10	0	0	25s	100	1	956
r	418	426	10	10	0	0	25s	100	1	956
r	420	452	10	10	0	0	25s	100	1	956
r	422	479	10	10	0	0	25s	100	1	956
r	420	501	10	10	0	0	25s	100	1	956
r	422	519	10	10	0	0	25s	100	1	956
r	427	550	10	10	0	0	25s	100	1	956
r	427	569	10	10	0	0	25s	100	1	956
r	412	419	10	10	0	0	25s	100	1	956
r	414	427	10	10	0	0	25s	100	1	956
r	387	404	10	10	0	0	25s	100	1	956
r	398	389	10	10	0	0	25s	100	1	956
r	404	393	10	10	0	0	25s	100	1	956
r	407	411	10	10	0	0	25s	100	1	956
r	397	416	10	10	0	0	25s	100	1	956
r	394	433	10	10	0	0	25s	100	1	956
r	404	444	10	10	0	0	25s	100	1	956
r	389	436	10	10	0	0	25s	100	1	956
r	422	447	10	10	0	0	25s	100	1	956
r	426	433	10	10	0	0	25s	100	1	956
r	419	409	10	10	0	0	25s	100	1	956
r	449	405	10	10	0	0	25s	100	1	956
r	448	418	10	10	0	0	25s	100	1	956
r	441	420	10	10	0	0	25s	100	1	956
r	436	394	10	10	0	0	25s	100	1	956
r	441	438	10	10	0	0	25s	100	1	956
r	430	447	10	10	0	0	25s	100	1	956
r	408	447	10	10	0	0	25s	100	1	956
r	390	442	10	10	0	0	25s	100	1	956
r	393	448	10	10	0	0	25s	100	1	956
r	436	448	10	10	0	0	25s	100	1	956
r	440	441	10	10	0	0	25s	100	1	956
r	405	433	10	10	0	0	25s	100	1	956
r	405	412	10	10	0	0	25s	100	1	956
r	398	392	10	10	0	0	25s	100	1	956
r	437	400	10	10	0	0	25s	100	1	956
r	332	764	10	10	0	0	25s	100	1	956
r	328	782	10	10	0	0	25s	100	1	956
r	326	801	10	10	0	0	25s	100	1	956
r	326	817	10	10	0	0	25s	100	1	956
r	328	844	10	10	0	0	25s	100	1	956
r	335	890	10	10	0	0	25s	100	1	956
r	332	921	10	10	0	0	25s	100	1	956
r	331	936	10	10	0	0	25s	100	1	956
r	331	951	10	10	0	0	25s	100	1	956
r	334	981	10	10	0	0	25s	100	1	956
r	337	1010	10	10	0	0	25s	100	1	956
r	286	1013	10	10	0	0	25s	100	1	956
r	262	1011	10	10	0	0	25s	100	1	956
r	234	1013	10	10	0	0	25s	100	1	956
r	210	1010	10	10	0	0	25s	100	1	956
r	199	980	10	10	0	0	25s	100	1	956
r	161	989	10	10	0	0	25s	100	1	956
r	151	995	10	10	0	0	25s	100	1	956
r	154	1014	10	10	0	0	25s	100	1	956
r	166	1039	10	10	0	0	25s	100	1	956
r	169	1047	10	10	0	0	25s	100	1	956
r	198	1055	10	10	0	0	25s	100	1	956
r	210	1044	10	10	0	0	25s	100	1	956
r	187	1007	10	10	0	0	25s	100	1	956
r	183	1017	10	10	0	0	25s	100	1	956
r	203	1043	10	10	0	0	25s	100	1	956
r	213	1046	10	10	0	0	25s	100	1	956
r	228	1040	10	10	0	0	25s	100	1	956
r	220	1013	10	10	0	0	25s	100	1	956
r	205	997	10	10	0	0	25s	100	1	956
r	176	1014	10	10	0	0	25s	100	1	956
r	198	992	10	10	0	0	25s	100	1	956
r	223	1000	10	10	0	0	25s	100	1	956
r	210	991	10	10	0	0	25s	100	1	956
r	157	985	10	10	0	0	25s	100	1	956
r	170	1007	10	10	0	0	25s	100	1	956
r	173	1054	10	10	0	0	25s	100	1	956
r	176	1054	10	10	0	0	25s	100	1	956
r	210	1054	10	10	0	0	25s	100	1	956
r	214	1057	10	10	0	0	25s	100	1	956
r	210	1051	10	10	0	0	25s	100	1	956
r	188	1018	10	10	0	0	25s	100	1	956
r	198	1024	10	10	0	0	25s	100	1	956
r	209	1006	10	10	0	0	25s	100	1	956
r	206	1032	10	10	0	0	25s	100	1	956
r	173	1039	10	10	0	0	25s	100	1	956
r	166	1041	10	10	0	0	25s	100	1	956
r	184	1028	10	10	0	0	25s	100	1	956
r	198	1032	10	10	0	0	25s	100	1	956
r	216	1026	10	10	0	0	25s	100	1	956
r	217	1022	10	10	0	0	25s	100	1	956
r	166	996	10	10	0	0	25s	100	1	956
r	220	1037	10	10	0	0	25s	100	1	956
r	229	1032	10	10	0	0	25s	100	1	956
r	276	1021	10	10	0	0	25s	100	1	956
r	324	1024	10	10	0	0	25s	100	1	956
r	350	1028	10	10	0	0	25s	100	1	956
r	349	1028	10	10	0	0	25s	100	1	956
r	300	1026	10	10	0	0	25s	100	1	956
r	286	1028	10	10	0	0	25s	100	1	956
r	331	1025	10	10	0	0	25s	100	1	956
r	381	1022	10	10	0	0	25s	100	1	956
r	429	1022	10	10	0	0	25s	100	1	956
r	468	1021	10	10	0	0	25s	100	1	956
r	473	1017	10	10	0	0	25s	100	1	956
r	459	993	10	10	0	0	25s	100	1	956
r	458	971	10	10	0	0	25s	100	1	956
r	458	959	10	10	0	0	25s	100	1	956
r	441	1010	10	10	0	0	25s	100	1	956
r	433	1026	10	10	0	0	25s	100	1	956
r	429	1006	10	10	0	0	25s	100	1	956
r	430	1026	10	10	0	0	25s	100	1	956
r	431	1048	10	10	0	0	25s	100	1	956
r	431	1052	10	10	0	0	25s	100	1	956
r	430	1065	10	10	0	0	25s	100	1	956
r	440	1051	10	10	0	0	25s	100	1	956
r	475	1059	10	10	0	0	25s	100	1	956
r	478	1062	10	10	0	0	25s	100	1	956
r	473	1048	10	10	0	0	25s	100	1	956
r	451	1035	10	10	0	0	25s	100	1	956
r	447	1021	10	10	0	0	25s	100	1	956
r	445	1018	10	10	0	0	25s	100	1	956
r	445	1003	10	10	0	0	25s	100	1	956
r	442	988	10	10	0	0	25s	100	1	956
r	436	982	10	10	0	0	25s	100	1	956
r	451	986	10	10	0	0	25s	100	1	956
r	475	997	10	10	0	0	25s	100	1	956
r	479	997	10	10	0	0	25s	100	1	956
r	468	1021	10	10	0	0	25s	100	1	956
r	456	1021	10	10	0	0	25s	100	1	956
r	463	1024	10	10	0	0	25s	100	1	956
r	475	1036	10	10	0	0	25s	100	1	956
r	470	1048	10	10	0	0	25s	100	1	956
r	456	1044	10	10	0	0	25s	100	1	956
r	471	1054	10	10	0	0	25s	100	1	956
r	468	1024	10	10	0	0	25s	100	1	956
r	485	1026	10	10	0	0	25s	100	1	956
r	485	1036	10	10	0	0	25s	100	1	956
r	489	1037	10	10	0	0	25s	100	1	956
r	489	1000	10	10	0	0	25s	100	1	956
r	495	999	10	10	0	0	25s	100	1	956
r	492	1022	10	10	0	0	25s	100	1	956
r	492	1046	10	10	0	0	25s	100	1	956
r	485	1039	10	10	0	0	25s	100	1	956
r	462	1011	10	10	0	0	25s	100	1	956
r	455	953	10	10	0	0	25s	100	1	956
r	462	938	10	10	0	0	25s	100	1	956
r	463	921	10	10	0	0	25s	100	1	956
r	462	899	10	10	0	0	25s	100	1	956
r	458	860	10	10	0	0	25s	100	1	956
r	456	834	10	10	0	0	25s	100	1	956
r	458	806	10	10	0	0	25s	100	1	956
r	460	782	10	10	0	0	25s	100	1	956
r	464	768	10	10	0	0	25s	100	1	956
r	466	763	10	10	0	0	25s	100	1	956
r	467	791	10	10	0	0	25s	100	1	956
r	473	834	10	10	0	0	25s	100	1	956
r	477	872	10	10	0	0	25s	100	1	956
r	316	780	10	10	0	0	25s	100	1	956
r	332	823	10	10	0	0	25s	100	1	956
r	337	848	10	10	0	0	25s	100	1	956
r	334	868	10	10	0	0	25s	100	1	956
r	331	889	10	10	0	0	25s	100	1	956
r	331	912	10	10	0	0	25s	100	1	956
r	326	937	10	10	0	0	25s	100	1	956
r	320	970	10	10	0	0	25s	100	1	956
r	319	984	10	10	0	0	25s	100	1	956
r	187	841	10	10	0	0	25s	100	1	956
r	165	853	10	10	0	0	25s	100	1	956
r	162	877	10	10	0	0	25s	100	1	956
r	162	901	10	10	0	0	25s	100	1	956
r	163	904	10	10	0	0	25s	100	1	956
r	192	908	10	10	0	0	25s	100	1	956
r	218	897	10	10	0	0	25s	100	1	956
r	216	885	10	10	0	0	25s	100	1	956
r	199	871	10	10	0	0	25s	100	1	956
r	179	871	10	10	0	0	25s	100	1	956
r	191	894	10	10	0	0	25s	100	1	956
r	217	900	10	10	0	0	25s	100	1	956
r	224	893	10	10	0	0	25s	100	1	956
r	225	872	10	10	0	0	25s	100	1	956
r	216	853	10	10	0	0	25s	100	1	956
r	183	838	10	10	0	0	25s	100	1	956
r	147	856	10	10	0	0	25s	100	1	956
r	196	855	10	10	0	0	25s	100	1	956
r	203	849	10	10	0	0	25s	100	1	956
r	210	860	10	10	0	0	25s	100	1	956
r	196	879	10	10	0	0	25s	100	1	956
r	176	860	10	10	0	0	25s	100	1	956
r	183	844	10	10	0	0	25s	100	1	956
r	184	870	10	10	0	0	25s	100	1	956
r	180	886	10	10	0	0	25s	100	1	956
r	180	897	10	10	0	0	25s	100	1	956
r	218	893	10	10	0	0	25s	100	1	956
r	217	889	10	10	0	0	25s	100	1	956
r	183	881	10	10	0	0	25s	100	1	956
r	206	899	10	10	0	0	25s	100	1	956
r	229	861	10	10	0	0	25s	100	1	956
r	225	841	10	10	0	0	25s	100	1	956
r	217	837	10	10	0	0	25s	100	1	956
r	203	837	10	10	0	0	25s	100	1	956
r	180	834	10	10	0	0	25s	100	1	956
r	172	835	10	10	0	0	25s	100	1	956
r	158	850	10	10	0	0	25s	100	1	956
r	155	883	10	10	0	0	25s	100	1	956
r	159	900	10	10	0	0	25s	100	1	956
r	166	910	10	10	0	0	25s	100	1	956
r	179	882	10	10	0	0	25s	100	1	956
r	174	874	10	10	0	0	25s	100	1	956
r	231	886	10	10	0	0	25s	100	1	956
r	194	885	10	10	0	0	25s	100	1	956
r	153	874	10	10	0	0	25s	100	1	956
r	135	870	10	10	0	0	25s	100	1	956
r	118	868	10	10	0	0	25s	100	1	956
r	91	868	10	10	0	0	25s	100	1	956
r	85	868	10	10	0	0	25s	100	1	956
r	69	875	10	10	0	0	25s	100	1	956
r	62	893	10	10	0	0	25s	100	1	956
r	55	912	10	10	0	0	25s	100	1	956
r	76	893	10	10	0	0	25s	100	1	956
r	66	874	10	10	0	0	25s	100	1	956
r	55	910	10	10	0	0	25s	100	1	956
r	54	940	10	10	0	0	25s	100	1	956
r	55	966	10	10	0	0	25s	100	1	956
r	62	982	10	10	0	0	25s	100	1	956
r	66	919	10	10	0	0	25s	100	1	956
r	65	959	10	10	0	0	25s	100	1	956
r	71	986	10	10	0	0	25s	100	1	956
r	69	1019	10	10	0	0	25s	100	1	956
r	66	1055	10	10	0	0	25s	100	1	956
r	63	1074	10	10	0	0	25s	100	1	956
r	58	1006	10	10	0	0	25s	100	1	956
r	58	1055	10	10	0	0	25s	100	1	956
r	56	1073	10	10	0	0	25s	100	1	956
r	56	1120	10	10	0	0	25s	100	1	956
r	62	1015	10	10	0	0	25s	100	1	956
r	66	1061	10	10	0	0	25s	100	1	956
r	73	1103	10	10	0	0	25s	100	1	956
r	70	1131	10	10	0	0	25s	100	1	956
r	69	1149	10	10	0	0	25s	100	1	956
r	67	1171	10	10	0	0	25s	100	1	956
r	65	1186	10	10	0	0	25s	100	1	956
r	66	1215	10	10	0	0	25s	100	1	956
r	58	1140	10	10	0	0	25s	100	1	956
r	56	1193	10	10	0	0	25s	100	1	956
r	58	1219	10	10	0	0	25s	100	1	956
r	58	1238	10	10	0	0	25s	100	1	956
r	59	1261	10	10	0	0	25s	100	1	956
r	62	1213	10	10	0	0	25s	100	1	956
r	63	1263	10	10	0	0	25s	100	1	956
r	60	1276	10	10	0	0	25s	100	1	956
r	56	1300	10	10	0	0	25s	100	1	956
r	56	1309	10	10	0	0	25s	100	1	956
r	36	1294	10	10	0	0	25s	100	1	956
r	18	1308	10	10	0	0	25s	100	1	956
r	23	1326	10	10	0	0	25s	100	1	956
r	23	1346	10	10	0	0	25s	100	1	956
r	30	1364	10	10	0	0	25s	100	1	956
r	54	1363	10	10	0	0	25s	100	1	956
r	78	1351	10	10	0	0	25s	100	1	956
r	84	1335	10	10	0	0	25s	100	1	956
r	48	1338	10	10	0	0	25s	100	1	956
r	47	1349	10	10	0	0	25s	100	1	956
r	54	1329	10	10	0	0	25s	100	1	956
r	84	1322	10	10	0	0	25s	100	1	956
r	106	1309	10	10	0	0	25s	100	1	956
r	78	1300	10	10	0	0	25s	100	1	956
r	81	1301	10	10	0	0	25s	100	1	956
r	104	1313	10	10	0	0	25s	100	1	956
r	95	1348	10	10	0	0	25s	100	1	956
r	91	1359	10	10	0	0	25s	100	1	956
r	85	1352	10	10	0	0	25s	100	1	956
r	87	1330	10	10	0	0	25s	100	1	956
r	177	1340	10	10	0	0	25s	100	1	956
r	224	1338	10	10	0	0	25s	100	1	956
r	157	1329	10	10	0	0	25s	100	1	956
r	114	1327	10	10	0	0	25s	100	1	956
r	122	1327	10	10	0	0	25s	100	1	956
r	202	1329	10	10	0	0	25s	100	1	956
r	234	1331	10	10	0	0	25s	100	1	956
r	287	1335	10	10	0	0	25s	100	1	956
r	295	1334	10	10	0	0	25s	100	1	956
r	341	1335	10	10	0	0	25s	100	1	956
r	364	1333	10	10	0	0	25s	100	1	956
r	357	1305	10	10	0	0	25s	100	1	956
r	339	1305	10	10	0	0	25s	100	1	956
r	324	1335	10	10	0	0	25s	100	1	956
r	332	1353	10	10	0	0	25s	100	1	956
r	332	1353	10	10	0	0	25s	100	1	956
r	295	1337	10	10	0	0	25s	100	1	956
r	269	1337	10	10	0	0	25s	100	1	956
r	232	1335	10	10	0	0	25s	100	1	956
r	368	1335	10	10	0	0	25s	100	1	956
r	348	1327	10	10	0	0	25s	100	1	956
r	330	1338	10	10	0	0	25s	100	1	956
r	331	1348	10	10	0	0	25s	100	1	956
r	327	1360	10	10	0	0	25s	100	1	956
r	337	1368	10	10	0	0	25s	100	1	956
r	348	1366	10	10	0	0	25s	100	1	956
r	359	1364	10	10	0	0	25s	100	1	956
r	192	1144	10	10	0	0	25s	100	1	956
r	184	1089	10	10	0	0	25s	100	1	956
r	180	1072	10	10	0	0	25s	100	1	956
r	184	1074	10	10	0	0	25s	100	1	956
r	195	1110	10	10	0	0	25s	100	1	956
r	198	1138	10	10	0	0	25s	100	1	956
r	196	1165	10	10	0	0	25s	100	1	956
r	177	1151	10	10	0	0	25s	100	1	956
r	166	1149	10	10	0	0	25s	100	1	956
r	163	1172	10	10	0	0	25s	100	1	956
r	165	1186	10	10	0	0	25s	100	1	956
r	162	1205	10	10	0	0	25s	100	1	956
r	162	1213	10	10	0	0	25s	100	1	956
r	163	1221	10	10	0	0	25s	100	1	956
r	184	1223	10	10	0	0	25s	100	1	956
r	190	1206	10	10	0	0	25s	100	1	956
r	172	1193	10	10	0	0	25s	100	1	956
r	181	1180	10	10	0	0	25s	100	1	956
r	199	1190	10	10	0	0	25s	100	1	956
r	210	1210	10	10	0	0	25s	100	1	956
r	212	1215	10	10	0	0	25s	100	1	956
r	216	1194	10	10	0	0	25s	100	1	956
r	216	1166	10	10	0	0	25s	100	1	956
r	223	1166	10	10	0	0	25s	100	1	956
r	227	1195	10	10	0	0	25s	100	1	956
r	228	1204	10	10	0	0	25s	100	1	956
r	225	1157	10	10	0	0	25s	100	1	956
r	224	1179	10	10	0	0	25s	100	1	956
r	210	1194	10	10	0	0	25s	100	1	956
r	188	1180	10	10	0	0	25s	100	1	956
r	198	1154	10	10	0	0	25s	100	1	956
r	224	1158	10	10	0	0	25s	100	1	956
r	242	1187	10	10	0	0	25s	100	1	956
r	300	1188	10	10	0	0	25s	100	1	956
r	323	1188	10	10	0	0	25s	100	1	956
r	267	1184	10	10	0	0	25s	100	1	956
r	275	1183	10	10	0	0	25s	100	1	956
r	348	1186	10	10	0	0	25s	100	1	956
r	348	1186	10	10	0	0	25s	100	1	956
r	284	1180	10	10	0	0	25s	100	1	956
r	400	1186	10	10	0	0	25s	100	1	956
r	394	1184	10	10	0	0	25s	100	1	956
r	341	1180	10	10	0	0	25s	100	1	956
r	449	1188	10	10	0	0	25s	100	1	956
r	354	1180	10	10	0	0	25s	100	1	956
r	433	1182	10	10	0	0	25s	100	1	956
r	418	1183	10	10	0	0	25s	100	1	956
r	455	1183	10	10	0	0	25s	100	1	956
r	434	1136	10	10	0	0	25s	100	1	956
r	429	1147	10	10	0	0	25s	100	1	956
r	459	1078	10	10	0	0	25s	100	1	956
r	459	1087	10	10	0	0	25s	100	1	956
r	463	1124	10	10	0	0	25s	100	1	956
r	466	1139	10	10	0	0	25s	100	1	956
r	473	1169	10	10	0	0	25s	100	1	956
r	466	1157	10	10	0	0	25s	100	1	956
r	464	1100	10	10	0	0	25s	100	1	956
r	453	1142	10	10	0	0	25s	100	1	956
r	460	1114	10	10	0	0	25s	100	1	956
r	456	1117	10	10	0	0	25s	100	1	956
r	455	1160	10	10	0	0	25s	100	1	956
r	451	1120	10	10	0	0	25s	100	1	956
r	442	1197	10	10	0	0	25s	100	1	956
r	419	1169	10	10	0	0	25s	100	1	956
r	407	1173	10	10	0	0	25s	100	1	956
r	448	1168	10	10	0	0	25s	100	1	956
r	438	1162	10	10	0	0	25s	100	1	956
r	425	1193	10	10	0	0	25s	100	1	956
r	401	1187	10	10	0	0	25s	100	1	956
r	405	1187	10	10	0	0	25s	100	1	956
r	437	1199	10	10	0	0	25s	100	1	956
r	434	1236	10	10	0	0	25s	100	1	956
r	449	1220	10	10	0	0	25s	100	1	956
r	463	1221	10	10	0	0	25s	100	1	956
r	441	1217	10	10	0	0	25s	100	1	956
r	492	1220	10	10	0	0	25s	100	1	956
r	422	1206	10	10	0	0	25s	100	1	956
r	447	1202	10	10	0	0	25s	100	1	956
r	468	1199	10	10	0	0	25s	100	1	956
r	473	1201	10	10	0	0	25s	100	1	956
r	482	1171	10	10	0	0	25s	100	1	956
r	485	1168	10	10	0	0	25s	100	1	956
r	490	1190	10	10	0	0	25s	100	1	956
r	486	1199	10	10	0	0	25s	100	1	956
r	492	1168	10	10	0	0	25s	100	1	956
r	493	1150	10	10	0	0	25s	100	1	956
r	488	1147	10	10	0	0	25s	100	1	956
r	471	1150	10	10	0	0	25s	100	1	956
r	466	1184	10	10	0	0	25s	100	1	956
r	515	1351	10	10	0	0	25s	100	1	956
r	489	1344	10	10	0	0	25s	100	1	956
r	463	1341	10	10	0	0	25s	100	1	956
r	430	1344	10	10	0	0	25s	100	1	956
r	398	1344	10	10	0	0	25s	100	1	956
r	379	1342	10	10	0	0	25s	100	1	956
r	379	1324	10	10	0	0	25s	100	1	956
r	387	1308	10	10	0	0	25s	100	1	956
r	385	1320	10	10	0	0	25s	100	1	956
r	383	1364	10	10	0	0	25s	100	1	956
r	382	1375	10	10	0	0	25s	100	1	956
r	368	1367	10	10	0	0	25s	100	1	956
r	356	1348	10	10	0	0	25s	100	1	956
r	360	1335	10	10	0	0	25s	100	1	956
r	378	1319	10	10	0	0	25s	100	1	956
r	372	1304	10	10	0	0	25s	100	1	956
r	352	1305	10	10	0	0	25s	100	1	956
r	343	1316	10	10	0	0	25s	100	1	956
r	353	1326	10	10	0	0	25s	100	1	956
r	376	1312	10	10	0	0	25s	100	1	956
r	375	1307	10	10	0	0	25s	100	1	956
r	482	1330	10	10	0	0	25s	100	1	956
r	453	1331	10	10	0	0	25s	100	1	956
r	407	1326	10	10	0	0	25s	100	1	956
r	423	1327	10	10	0	0	25s	100	1	956
r	514	1326	10	10	0	0	25s	100	1	956
r	534	1318	10	10	0	0	25s	100	1	956
r	572	1315	10	10	0	0	25s	100	1	956
r	598	1315	10	10	0	0	25s	100	1	956
r	621	1322	10	10	0	0	25s	100	1	956
r	611	1327	10	10	0	0	25s	100	1	956
r	580	1333	10	10	0	0	25s	100	1	956
r	561	1329	10	10	0	0	25s	100	1	956
r	554	1329	10	10	0	0	25s	100	1	956
r	628	1333	10	10	0	0	25s	100	1	956
r	657	1329	10	10	0	0	25s	100	1	956
r	690	1326	10	10	0	0	25s	100	1	956
r	723	1324	10	10	0	0	25s	100	1	956
r	763	1330	10	10	0	0	25s	100	1	956
r	764	1331	10	10	0	0	25s	100	1	956
r	756	1305	10	10	0	0	25s	100	1	956
r	747	1318	10	10	0	0	25s	100	1	956
r	743	1333	10	10	0	0	25s	100	1	956
r	745	1356	10	10	0	0	25s	100	1	956
r	749	1371	10	10	0	0	25s	100	1	956
r	758	1375	10	10	0	0	25s	100	1	956
r	802	1368	10	10	0	0	25s	100	1	956
r	804	1364	10	10	0	0	25s	100	1	956
r	771	1362	10	10	0	0	25s	100	1	956
r	765	1356	10	10	0	0	25s	100	1	956
r	790	1348	10	10	0	0	25s	100	1	956
r	797	1344	10	10	0	0	25s	100	1	956
r	800	1334	10	10	0	0	25s	100	1	956
r	793	1319	10	10	0	0	25s	100	1	956
r	778	1315	10	10	0	0	25s	100	1	956
r	775	1324	10	10	0	0	25s	100	1	956
r	794	1308	10	10	0	0	25s	100	1	956
r	793	1302	10	10	0	0	25s	100	1	956
r	779	1305	10	10	0	0	25s	100	1	956
r	790	1301	10	10	0	0	25s	100	1	956
r	793	1307	10	10	0	0	25s	100	1	956
r	765	1304	10	10	0	0	25s	100	1	956
r	771	1337	10	10	0	0	25s	100	1	956
r	779	1344	10	10	0	0	25s	100	1	956
r	784	1352	10	10	0	0	25s	100	1	956
r	765	1359	10	10	0	0	25s	100	1	956
r	742	1331	10	10	0	0	25s	100	1	956
r	757	1348	10	10	0	0	25s	100	1	956
r	769	1362	10	10	0	0	25s	100	1	956
r	791	1362	10	10	0	0	25s	100	1	956
r	793	1360	10	10	0	0	25s	100	1	956
r	798	1340	10	10	0	0	25s	100	1	956
r	804	1312	10	10	0	0	25s	100	1	956
r	806	1301	10	10	0	0	25s	100	1	956
r	878	1309	10	10	0	0	25s	100	1	956
r	872	1312	10	10	0	0	25s	100	1	956
r	870	1323	10	10	0	0	25s	100	1	956
r	870	1337	10	10	0	0	25s	100	1	956
r	866	1348	10	10	0	0	25s	100	1	956
r	863	1357	10	10	0	0	25s	100	1	956
r	863	1364	10	10	0	0	25s	100	1	956
r	872	1364	10	10	0	0	25s	100	1	956
r	888	1359	10	10	0	0	25s	100	1	956
r	896	1352	10	10	0	0	25s	100	1	956
r	885	1337	10	10	0	0	25s	100	1	956
r	882	1335	10	10	0	0	25s	100	1	956
r	899	1320	10	10	0	0	25s	100	1	956
r	900	1313	10	10	0	0	25s	100	1	956
r	893	1301	10	10	0	0	25s	100	1	956
r	875	1294	10	10	0	0	25s	100	1	956
r	866	1293	10	10	0	0	25s	100	1	956
r	861	1307	10	10	0	0	25s	100	1	956
r	860	1322	10	10	0	0	25s	100	1	956
r	855	1344	10	10	0	0	25s	100	1	956
r	856	1356	10	10	0	0	25s	100	1	956
r	870	1370	10	10	0	0	25s	100	1	956
r	892	1370	10	10	0	0	25s	100	1	956
r	899	1366	10	10	0	0	25s	100	1	956
r	922	1367	10	10	0	0	25s	100	1	956
r	925	1366	10	10	0	0	25s	100	1	956
r	919	1351	10	10	0	0	25s	100	1	956
r	903	1341	10	10	0	0	25s	100	1	956
r	886	1333	10	10	0	0	25s	100	1	956
r	885	1333	10	10	0	0	25s	100	1	956
r	912	1334	10	10	0	0	25s	100	1	956
r	914	1330	10	10	0	0	25s	100	1	956
r	914	1315	10	10	0	0	25s	100	1	956
r	911	1301	10	10	0	0	25s	100	1	956
r	914	1298	10	10	0	0	25s	100	1	956
r	926	1315	10	10	0	0	25s	100	1	956
r	921	1337	10	10	0	0	25s	100	1	956
r	916	1345	10	10	0	0	25s	100	1	956
r	853	1318	10	10	0	0	25s	100	1	956
r	859	1327	10	10	0	0	25s	100	1	956
r	874	1342	10	10	0	0	25s	100	1	956
r	888	1342	10	10	0	0	25s	100	1	956
r	892	1323	10	10	0	0	25s	100	1	956
r	900	1313	10	10	0	0	25s	100	1	956
r	908	1323	10	10	0	0	25s	100	1	956
r	881	1269	10	10	0	0	25s	100	1	956
r	889	1243	10	10	0	0	25s	100	1	956
r	890	1227	10	10	0	0	25s	100	1	956
r	890	1206	10	10	0	0	25s	100	1	956
r	883	1158	10	10	0	0	25s	100	1	956
r	882	1146	10	10	0	0	25s	100	1	956
r	871	1138	10	10	0	0	25s	100	1	956
r	824	1135	10	10	0	0	25s	100	1	956
r	801	1136	10	10	0	0	25s	100	1	956
r	773	1136	10	10	0	0	25s	100	1	956
r	767	1142	10	10	0	0	25s	100	1	956
r	767	1179	10	10	0	0	25s	100	1	956
r	775	1217	10	10	0	0	25s	100	1	956
r	773	1254	10	10	0	0	25s	100	1	956
r	776	1275	10	10	0	0	25s	100	1	956
r	765	1294	10	10	0	0	25s	100	1	956
r	763	1285	10	10	0	0	25s	100	1	956
r	763	1230	10	10	0	0	25s	100	1	956
r	767	1209	10	10	0	0	25s	100	1	956
r	775	1182	10	10	0	0	25s	100	1	956
r	775	1149	10	10	0	0	25s	100	1	956
r	811	1138	10	10	0	0	25s	100	1	956
r	877	1144	10	10	0	0	25s	100	1	956
r	882	1151	10	10	0	0	25s	100	1	956
r	897	1188	10	10	0	0	25s	100	1	956
r	897	1258	10	10	0	0	25s	100	1	956
r	897	1278	10	10	0	0	25s	100	1	956
r	894	1296	10	10	0	0	25s	100	1	956
r	982	1340	10	10	0	0	25s	100	1	956
r	1030	1342	10	10	0	0	25s	100	1	956
r	1033	1338	10	10	0	0	25s	100	1	956
r	964	1333	10	10	0	0	25s	100	1	956
r	948	1333	10	10	0	0	25s	100	1	956
r	1039	1335	10	10	0	0	25s	100	1	956
r	1047	1331	10	10	0	0	25s	100	1	956
r	1055	1327	10	10	0	0	25s	100	1	956
r	1017	1326	10	10	0	0	25s	100	1	956
r	1028	1327	10	10	0	0	25s	100	1	956
r	1094	1329	10	10	0	0	25s	100	1	956
r	1105	1327	10	10	0	0	25s	100	1	956
r	1117	1324	10	10	0	0	25s	100	1	956
r	1111	1309	10	10	0	0	25s	100	1	956
r	1102	1254	10	10	0	0	25s	100	1	956
r	1102	1249	10	10	0	0	25s	100	1	956
r	1124	1300	10	10	0	0	25s	100	1	956
r	1103	1320	10	10	0	0	25s	100	1	956
r	1083	1333	10	10	0	0	25s	100	1	956
r	1063	1329	10	10	0	0	25s	100	1	956
r	1072	1345	10	10	0	0	25s	100	1	956
r	1074	1342	10	10	0	0	25s	100	1	956
r	1036	1340	10	10	0	0	25s	100	1	956
r	996	1333	10	10	0	0	25s	100	1	956
r	971	1334	10	10	0	0	25s	100	1	956
r	973	1334	10	10	0	0	25s	100	1	956
r	995	1327	10	10	0	0	25s	100	1	956
r	1051	1334	10	10	0	0	25s	100	1	956
r	1095	1335	10	10	0	0	25s	100	1	956
r	1116	1331	10	10	0	0	25s	100	1	956
r	1120	1322	10	10	0	0	25s	100	1	956
r	1117	1300	10	10	0	0	25s	100	1	956
r	1109	1268	10	10	0	0	25s	100	1	956
r	1109	1236	10	10	0	0	25s	100	1	956
r	1113	1175	10	10	0	0	25s	100	1	956
r	1095	966	10	10	0	0	25s	100	1	956
r	1102	921	10	10	0	0	25s	100	1	956
r	1113	901	10	10	0	0	25s	100	1	956
r	1114	962	10	10	0	0	25s	100	1	956
r	1118	1002	10	10	0	0	25s	100	1	956
r	1121	1048	10	10	0	0	25s	100	1	956
r	1120	1083	10	10	0	0	25s	100	1	956
r	1118	1109	10	10	0	0	25s	100	1	956
r	1118	1150	10	10	0	0	25s	100	1	956
r	1122	1186	10	10	0	0	25s	100	1	956
r	1121	1175	10	10	0	0	25s	100	1	956
r	1113	1118	10	10	0	0	25s	100	1	956
r	1110	1057	10	10	0	0	25s	100	1	956
r	1002	1183	10	10	0	0	25s	100	1	956
r	997	1165	10	10	0	0	25s	100	1	956
r	996	1176	10	10	0	0	25s	100	1	956
r	995	1193	10	10	0	0	25s	100	1	956
r	989	1202	10	10	0	0	25s	100	1	956
r	989	1208	10	10	0	0	25s	100	1	956
r	996	1230	10	10	0	0	25s	100	1	956
r	996	1231	10	10	0	0	25s	100	1	956
r	1002	1239	10	10	0	0	25s	100	1	956
r	1010	1235	10	10	0	0	25s	100	1	956
r	1015	1223	10	10	0	0	25s	100	1	956
r	1011	1213	10	10	0	0	25s	100	1	956
r	1003	1205	10	10	0	0	25s	100	1	956
r	1014	1194	10	10	0	0	25s	100	1	956
r	1022	1180	10	10	0	0	25s	100	1	956
r	1011	1172	10	10	0	0	25s	100	1	956
r	1019	1166	10	10	0	0	25s	100	1	956
r	1039	1173	10	10	0	0	25s	100	1	956
r	1046	1184	10	10	0	0	25s	100	1	956
r	1025	1202	10	10	0	0	25s	100	1	956
r	1013	1206	10	10	0	0	25s	100	1	956
r	1021	1224	10	10	0	0	25s	100	1	956
r	1043	1238	10	10	0	0	25s	100	1	956
r	1046	1231	10	10	0	0	25s	100	1	956
r	1048	1220	10	10	0	0	25s	100	1	956
r	1032	1204	10	10	0	0	25s	100	1	956
r	1047	1210	10	10	0	0	25s	100	1	956
r	1055	1212	10	10	0	0	25s	100	1	956
r	1059	1191	10	10	0	0	25s	100	1	956
r	1063	1182	10	10	0	0	25s	100	1	956
r	1050	1173	10	10	0	0	25s	100	1	956
r	1022	1195	10	10	0	0	25s	100	1	956
r	1022	1205	10	10	0	0	25s	100	1	956
r	1017	1135	10	10	0	0	25s	100	1	956
r	1024	1120	10	10	0	0	25s	100	1	956
r	1024	1113	10	10	0	0	25s	100	1	956
r	1022	1099	10	10	0	0	25s	100	1	956
r	1022	1070	10	10	0	0	25s	100	1	956
r	1019	1044	10	10	0	0	25s	100	1	956
r	1018	1021	10	10	0	0	25s	100	1	956
r	1018	999	10	10	0	0	25s	100	1	956
r	1018	980	10	10	0	0	25s	100	1	956
r	1022	955	10	10	0	0	25s	100	1	956
r	1028	933	10	10	0	0	25s	100	1	956
r	1021	921	10	10	0	0	25s	100	1	956
r	1002	910	10	10	0	0	25s	100	1	956
r	971	910	10	10	0	0	25s	100	1	956
r	958	910	10	10	0	0	25s	100	1	956
r	964	923	10	10	0	0	25s	100	1	956
r	996	927	10	10	0	0	25s	100	1	956
r	996	925	10	10	0	0	25s	100	1	956
r	959	911	10	10	0	0	25s	100	1	956
r	967	860	10	10	0	0	25s	100	1	956
r	974	845	10	10	0	0	25s	100	1	956
r	975	823	10	10	0	0	25s	100	1	956
r	969	806	10	10	0	0	25s	100	1	956
r	960	783	10	10	0	0	25s	100	1	956
r	959	769	10	10	0	0	25s	100	1	956
r	966	767	10	10	0	0	25s	100	1	956
r	993	776	10	10	0	0	25s	100	1	956
r	1000	775	10	10	0	0	25s	100	1	956
r	1014	763	10	10	0	0	25s	100	1	956
r	1014	760	10	10	0	0	25s	100	1	956
r	1029	721	10	10	0	0	25s	100	1	956
r	1024	741	10	10	0	0	25s	100	1	956
r	1028	736	10	10	0	0	25s	100	1	956
r	1026	692	10	10	0	0	25s	100	1	956
r	1022	684	10	10	0	0	25s	100	1	956
r	989	675	10	10	0	0	25s	100	1	956
r	945	669	10	10	0	0	25s	100	1	956
r	940	673	10	10	0	0	25s	100	1	956
r	919	668	10	10	0	0	25s	100	1	956
r	907	650	10	10	0	0	25s	100	1	956
r	896	643	10	10	0	0	25s	100	1	956
r	874	642	10	10	0	0	25s	100	1	956
r	856	643	10	10	0	0	25s	100	1	956
r	860	672	10	10	0	0	25s	100	1	956
r	859	694	10	10	0	0	25s	100	1	956
r	859	710	10	10	0	0	25s	100	1	956
r	864	714	10	10	0	0	25s	100	1	956
r	882	703	10	10	0	0	25s	100	1	956
r	883	672	10	10	0	0	25s	100	1	956
r	877	664	10	10	0	0	25s	100	1	956
r	882	694	10	10	0	0	25s	100	1	956
r	901	705	10	10	0	0	25s	100	1	956
r	908	701	10	10	0	0	25s	100	1	956
r	899	670	10	10	0	0	25s	100	1	956
r	892	673	10	10	0	0	25s	100	1	956
r	905	699	10	10	0	0	25s	100	1	956
r	916	703	10	10	0	0	25s	100	1	956
r	921	684	10	10	0	0	25s	100	1	956
r	904	668	10	10	0	0	25s	100	1	956
r	912	664	10	10	0	0	25s	100	1	956
r	929	644	10	10	0	0	25s	100	1	956
r	921	698	10	10	0	0	25s	100	1	956
r	922	709	10	10	0	0	25s	100	1	956
r	905	703	10	10	0	0	25s	100	1	956
r	893	675	10	10	0	0	25s	100	1	956
r	893	717	10	10	0	0	25s	100	1	956
r	894	749	10	10	0	0	25s	100	1	956
r	894	769	10	10	0	0	25s	100	1	956
r	892	754	10	10	0	0	25s	100	1	956
r	893	801	10	10	0	0	25s	100	1	956
r	892	819	10	10	0	0	25s	100	1	956
r	890	830	10	10	0	0	25s	100	1	956
r	890	845	10	10	0	0	25s	100	1	956
r	890	871	10	10	0	0	25s	100	1	956
r	892	883	10	10	0	0	25s	100	1	956
r	893	905	10	10	0	0	25s	100	1	956
r	894	937	10	10	0	0	25s	100	1	956
r	892	952	10	10	0	0	25s	100	1	956
r	890	970	10	10	0	0	25s	100	1	956
r	888	995	10	10	0	0	25s	100	1	956
r	896	1015	10	10	0	0	25s	100	1	956
r	900	1022	10	10	0	0	25s	100	1	956
r	930	1019	10	10	0	0	25s	100	1	956
r	940	1017	10	10	0	0	25s	100	1	956
r	949	1025	10	10	0	0	25s	100	1	956
r	916	1024	10	10	0	0	25s	100	1	956
r	969	1036	10	10	0	0	25s	100	1	956
r	952	1035	10	10	0	0	25s	100	1	956
r	951	1061	10	10	0	0	25s	100	1	956
r	951	1069	10	10	0	0	25s	100	1	956
r	949	1084	10	10	0	0	25s	100	1	956
r	603	1177	10	10	0	0	25s	100	1	956
r	580	1182	10	10	0	0	25s	100	1	956
r	533	1179	10	10	0	0	25s	100	1	956
r	510	1179	10	10	0	0	25s	100	1	956
r	537	1182	10	10	0	0	25s	100	1	956
r	588	1183	10	10	0	0	25s	100	1	956
r	614	1190	10	10	0	0	25s	100	1	956
r	614	1183	10	10	0	0	25s	100	1	956
r	615	1175	10	10	0	0	25s	100	1	956
r	653	1182	10	10	0	0	25s	100	1	956
r	672	1177	10	10	0	0	25s	100	1	956
r	690	1179	10	10	0	0	25s	100	1	956
r	695	1160	10	10	0	0	25s	100	1	956
r	687	1096	10	10	0	0	25s	100	1	956
r	688	1069	10	10	0	0	25s	100	1	956
r	697	1043	10	10	0	0	25s	100	1	956
r	702	1033	10	10	0	0	25s	100	1	956
r	720	1029	10	10	0	0	25s	100	1	956
r	725	1035	10	10	0	0	25s	100	1	956
r	708	1041	10	10	0	0	25s	100	1	956
r	695	1070	10	10	0	0	25s	100	1	956
r	699	1109	10	10	0	0	25s	100	1	956
r	698	1135	10	10	0	0	25s	100	1	956
r	695	1162	10	10	0	0	25s	100	1	956
r	695	1187	10	10	0	0	25s	100	1	956
r	650	1202	10	10	0	0	25s	100	1	956
r	599	1191	10	10	0	0	25s	100	1	956
r	566	1184	10	10	0	0	25s	100	1	956
r	580	1161	10	10	0	0	25s	100	1	956
r	588	1136	10	10	0	0	25s	100	1	956
r	592	1114	10	10	0	0	25s	100	1	956
r	595	1099	10	10	0	0	25s	100	1	956
r	596	1080	10	10	0	0	25s	100	1	956
r	598	1048	10	10	0	0	25s	100	1	956
r	594	1017	10	10	0	0	25s	100	1	956
r	592	992	10	10	0	0	25s	100	1	956
r	585	988	10	10	0	0	25s	100	1	956
r	589	1036	10	10	0	0	25s	100	1	956
r	592	1057	10	10	0	0	25s	100	1	956
r	592	1068	10	10	0	0	25s	100	1	956
r	595	1046	10	10	0	0	25s	100	1	956
r	594	996	10	10	0	0	25s	100	1	956
r	592	962	10	10	0	0	25s	100	1	956
r	635	966	10	10	0	0	25s	100	1	956
r	644	966	10	10	0	0	25s	100	1	956
r	647	967	10	10	0	0	25s	100	1	956
r	605	960	10	10	0	0	25s	100	1	956
r	643	959	10	10	0	0	25s	100	1	956
r	680	955	10	10	0	0	25s	100	1	956
r	713	956	10	10	0	0	25s	100	1	956
r	731	962	10	10	0	0	25s	100	1	956
r	756	960	10	10	0	0	25s	100	1	956
r	787	960	10	10	0	0	25s	100	1	956
r	805	962	10	10	0	0	25s	100	1	956
r	811	956	10	10	0	0	25s	100	1	956
r	823	971	10	10	0	0	25s	100	1	956
r	826	1013	10	10	0	0	25s	100	1	956
r	826	1022	10	10	0	0	25s	100	1	956
r	831	1029	10	10	0	0	25s	100	1	956
r	839	989	10	10	0	0	25s	100	1	956
r	837	967	10	10	0	0	25s	100	1	956
r	835	951	10	10	0	0	25s	100	1	956
r	835	948	10	10	0	0	25s	100	1	956
r	837	915	10	10	0	0	25s	100	1	956
r	839	888	10	10	0	0	25s	100	1	956
r	838	855	10	10	0	0	25s	100	1	956
r	834	830	10	10	0	0	25s	100	1	956
r	834	815	10	10	0	0	25s	100	1	956
r	833	798	10	10	0	0	25s	100	1	956
r	833	797	10	10	0	0	25s	100	1	956
r	826	793	10	10	0	0	25s	100	1	956
r	830	857	10	10	0	0	25s	100	1	956
r	830	868	10	10	0	0	25s	100	1	956
r	830	877	10	10	0	0	25s	100	1	956
r	823	900	10	10	0	0	25s	100	1	956
r	823	916	10	10	0	0	25s	100	1	956
r	798	772	10	10	0	0	25s	100	1	956
r	824	768	10	10	0	0	25s	100	1	956
r	831	771	10	10	0	0	25s	100	1	956
r	827	778	10	10	0	0	25s	100	1	956
r	793	776	10	10	0	0	25s	100	1	956
r	763	772	10	10	0	0	25s	100	1	956
r	757	763	10	10	0	0	25s	100	1	956
r	758	732	10	10	0	0	25s	100	1	956
r	761	710	10	10	0	0	25s	100	1	956
r	769	721	10	10	0	0	25s	100	1	956
r	775	754	10	10	0	0	25s	100	1	956
r	772	760	10	10	0	0	25s	100	1	956
r	772	736	10	10	0	0	25s	100	1	956
r	773	710	10	10	0	0	25s	100	1	956
r	771	690	10	10	0	0	25s	100	1	956
r	768	670	10	10	0	0	25s	100	1	956
r	768	642	10	10	0	0	25s	100	1	956
r	773	598	10	10	0	0	25s	100	1	956
r	769	569	10	10	0	0	25s	100	1	956
r	768	552	10	10	0	0	25s	100	1	956
r	775	570	10	10	0	0	25s	100	1	956
r	782	620	10	10	0	0	25s	100	1	956
r	778	640	10	10	0	0	25s	100	1	956
r	776	664	10	10	0	0	25s	100	1	956
r	775	661	10	10	0	0	25s	100	1	956
r	768	572	10	10	0	0	25s	100	1	956
r	769	550	10	10	0	0	25s	100	1	956
r	790	543	10	10	0	0	25s	100	1	956
r	815	544	10	10	0	0	25s	100	1	956
r	819	548	10	10	0	0	25s	100	1	956
r	790	555	10	10	0	0	25s	100	1	956
r	802	556	10	10	0	0	25s	100	1	956
r	835	548	10	10	0	0	25s	100	1	956
r	837	541	10	10	0	0	25s	100	1	956
r	831	521	10	10	0	0	25s	100	1	956
r	827	507	10	10	0	0	25s	100	1	956
r	827	488	10	10	0	0	25s	100	1	956
r	831	460	10	10	0	0	25s	100	1	956
r	834	451	10	10	0	0	25s	100	1	956
r	860	452	10	10	0	0	25s	100	1	956
r	867	458	10	10	0	0	25s	100	1	956
r	852	466	10	10	0	0	25s	100	1	956
r	848	466	10	10	0	0	25s	100	1	956
r	886	460	10	10	0	0	25s	100	1	956
r	890	459	10	10	0	0	25s	100	1	956
r	890	479	10	10	0	0	25s	100	1	956
r	886	500	10	10	0	0	25s	100	1	956
r	883	518	10	10	0	0	25s	100	1	956
r	882	545	10	10	0	0	25s	100	1	956
r	897	570	10	10	0	0	25s	100	1	956
r	892	477	10	10	0	0	25s	100	1	956
r	892	470	10	10	0	0	25s	100	1	956
r	897	512	10	10	0	0	25s	100	1	956
r	893	540	10	10	0	0	25s	100	1	956
r	889	591	10	10	0	0	25s	100	1	956
r	896	626	10	10	0	0	25s	100	1	956
r	893	639	10	10	0	0	25s	100	1	956
r	892	595	10	10	0	0	25s	100	1	956
r	899	614	10	10	0	0	25s	100	1	956
r	830	376	10	10	0	0	25s	100	1	956
r	839	407	10	10	0	0	25s	100	1	956
r	838	420	10	10	0	0	25s	100	1	956
r	830	442	10	10	0	0	25s	100	1	956
r	823	415	10	10	0	0	25s	100	1	956
r	822	393	10	10	0	0	25s	100	1	956
r	822	372	10	10	0	0	25s	100	1	956
r	827	353	10	10	0	0	25s	100	1	956
r	848	350	10	10	0	0	25s	100	1	956
r	853	354	10	10	0	0	25s	100	1	956
r	931	348	10	10	0	0	25s	100	1	956
r	971	346	10	10	0	0	25s	100	1	956
r	981	345	10	10	0	0	25s	100	1	956
r	956	352	10	10	0	0	25s	100	1	956
r	894	357	10	10	0	0	25s	100	1	956
r	864	353	10	10	0	0	25s	100	1	956
r	881	361	10	10	0	0	25s	100	1	956
r	930	367	10	10	0	0	25s	100	1	956
r	948	364	10	10	0	0	25s	100	1	956
r	986	365	10	10	0	0	25s	100	1	956
r	1025	326	10	10	0	0	25s	100	1	956
r	1014	339	10	10	0	0	25s	100	1	956
r	1014	339	10	10	0	0	25s	100	1	956
r	1003	352	10	10	0	0	25s	100	1	956
r	997	357	10	10	0	0	25s	100	1	956
r	1008	372	10	10	0	0	25s	100	1	956
r	1018	389	10	10	0	0	25s	100	1	956
r	1024	398	10	10	0	0	25s	100	1	956
r	1040	397	10	10	0	0	25s	100	1	956
r	1063	393	10	10	0	0	25s	100	1	956
r	1089	390	10	10	0	0	25s	100	1	956
r	1094	382	10	10	0	0	25s	100	1	956
r	1063	360	10	10	0	0	25s	100	1	956
r	1032	363	10	10	0	0	25s	100	1	956
r	1028	372	10	10	0	0	25s	100	1	956
r	1054	387	10	10	0	0	25s	100	1	956
r	1055	382	10	10	0	0	25s	100	1	956
r	1054	375	10	10	0	0	25s	100	1	956
r	1035	370	10	10	0	0	25s	100	1	956
r	1024	367	10	10	0	0	25s	100	1	956
r	1021	359	10	10	0	0	25s	100	1	956
r	1025	339	10	10	0	0	25s	100	1	956
r	1043	321	10	10	0	0	25s	100	1	956
r	1066	323	10	10	0	0	25s	100	1	956
r	1070	334	10	10	0	0	25s	100	1	956
r	1046	346	10	10	0	0	25s	100	1	956
r	1041	345	10	10	0	0	25s	100	1	956
r	1046	334	10	10	0	0	25s	100	1	956
r	1077	334	10	10	0	0	25s	100	1	956
r	1080	338	10	10	0	0	25s	100	1	956
r	1078	365	10	10	0	0	25s	100	1	956
r	1088	327	10	10	0	0	25s	100	1	956
r	1084	356	10	10	0	0	25s	100	1	956
r	1083	379	10	10	0	0	25s	100	1	956
r	1061	386	10	10	0	0	25s	100	1	956
r	1032	357	10	10	0	0	25s	100	1	956
r	1105	356	10	10	0	0	25s	100	1	956
r	1117	353	10	10	0	0	25s	100	1	956
r	1166	357	10	10	0	0	25s	100	1	956
r	1179	357	10	10	0	0	25s	100	1	956
r	1131	353	10	10	0	0	25s	100	1	956
r	1103	353	10	10	0	0	25s	100	1	956
r	1073	371	10	10	0	0	25s	100	1	956
r	1050	414	10	10	0	0	25s	100	1	956
r	1054	440	10	10	0	0	25s	100	1	956
r	1057	451	10	10	0	0	25s	100	1	956
r	1050	470	10	10	0	0	25s	100	1	956
r	1057	455	10	10	0	0	25s	100	1	956
r	1054	497	10	10	0	0	25s	100	1	956
r	1050	525	10	10	0	0	25s	100	1	956
r	1048	543	10	10	0	0	25s	100	1	956
r	1052	566	10	10	0	0	25s	100	1	956
r	1058	589	10	10	0	0	25s	100	1	956
r	1057	576	10	10	0	0	25s	100	1	956
r	1055	533	10	10	0	0	25s	100	1	956
r	1054	497	10	10	0	0	25s	100	1	956
r	1051	470	10	10	0	0	25s	100	1	956
r	1051	462	10	10	0	0	25s	100	1	956
r	1059	523	10	10	0	0	25s	100	1	956
r	1062	551	10	10	0	0	25s	100	1	956
r	1051	580	10	10	0	0	25s	100	1	956
r	1044	603	10	10	0	0	25s	100	1	956
r	1057	610	10	10	0	0	25s	100	1	956
r	1065	607	10	10	0	0	25s	100	1	956
r	1096	602	10	10	0	0	25s	100	1	956
r	1099	599	10	10	0	0	25s	100	1	956
r	1095	602	10	10	0	0	25s	100	1	956
r	1074	609	10	10	0	0	25s	100	1	956
r	1078	609	10	10	0	0	25s	100	1	956
r	1107	609	10	10	0	0	25s	100	1	956
r	1113	607	10	10	0	0	25s	100	1	956
r	1116	637	10	10	0	0	25s	100	1	956
r	1100	631	10	10	0	0	25s	100	1	956
r	1105	650	10	10	0	0	25s	100	1	956
r	1118	677	10	10	0	0	25s	100	1	956
r	1118	683	10	10	0	0	25s	100	1	956
r	1113	664	10	10	0	0	25s	100	1	956
r	1113	618	10	10	0	0	25s	100	1	956
r	1116	611	10	10	0	0	25s	100	1	956
r	1127	655	10	10	0	0	25s	100	1	956
r	1122	699	10	10	0	0	25s	100	1	956
r	1118	720	10	10	0	0	25s	100	1	956
r	1111	736	10	10	0	0	25s	100	1	956
r	1109	713	10	10	0	0	25s	100	1	956
r	1107	709	10	10	0	0	25s	100	1	956
r	1113	746	10	10	0	0	25s	100	1	956
r	1114	768	10	10	0	0	25s	100	1	956
r	1114	790	10	10	0	0	25s	100	1	956
r	1118	742	10	10	0	0	25s	100	1	956
r	1107	786	10	10	0	0	25s	100	1	956
r	1105	786	10	10	0	0	25s	100	1	956
r	1106	819	10	10	0	0	25s	100	1	956
r	1088	823	10	10	0	0	25s	100	1	956
r	1080	811	10	10	0	0	25s	100	1	956
r	1078	802	10	10	0	0	25s	100	1	956
r	1081	827	10	10	0	0	25s	100	1	956
r	1078	845	10	10	0	0	25s	100	1	956
r	1078	849	10	10	0	0	25s	100	1	956
r	1087	860	10	10	0	0	25s	100	1	956
r	1105	860	10	10	0	0	25s	100	1	956
r	1132	860	10	10	0	0	25s	100	1	956
r	1144	856	10	10	0	0	25s	100	1	956
r	1154	856	10	10	0	0	25s	100	1	956
r	1114	844	10	10	0	0	25s	100	1	956
r	1103	844	10	10	0	0	25s	100	1	956
r	1129	844	10	10	0	0	25s	100	1	956
r	1136	839	10	10	0	0	25s	100	1	956
r	1107	844	10	10	0	0	25s	100	1	956
r	1140	839	10	10	0	0	25s	100	1	956
r	1118	830	10	10	0	0	25s	100	1	956
r	1113	824	10	10	0	0	25s	100	1	956
r	1129	816	10	10	0	0	25s	100	1	956
r	1094	809	10	10	0	0	25s	100	1	956
r	1113	806	10	10	0	0	25s	100	1	956
r	1116	801	10	10	0	0	25s	100	1	956
r	1131	801	10	10	0	0	25s	100	1	956
r	1146	797	10	10	0	0	25s	100	1	956
r	1147	809	10	10	0	0	25s	100	1	956
r	1142	831	10	10	0	0	25s	100	1	956
r	1142	850	10	10	0	0	25s	100	1	956
r	1117	857	10	10	0	0	25s	100	1	956
r	1114	883	10	10	0	0	25s	100	1	956
r	1111	899	10	10	0	0	25s	100	1	956
r	1095	899	10	10	0	0	25s	100	1	956
r	1098	863	10	10	0	0	25s	100	1	956
r	1102	861	10	10	0	0	25s	100	1	956
r	1085	841	10	10	0	0	25s	100	1	956
r	1094	816	10	10	0	0	25s	100	1	956
r	1100	822	10	10	0	0	25s	100	1	956
r	1102	828	10	10	0	0	25s	100	1	956
r	1096	848	10	10	0	0	25s	100	1	956
r	1096	848	10	10	0	0	25s	100	1	956
r	1100	801	10	10	0	0	25s	100	1	956
r	1102	797	10	10	0	0	25s	100	1	956
r	1127	812	10	10	0	0	25s	100	1	956
r	1131	816	10	10	0	0	25s	100	1	956
r	1124	839	10	10	0	0	25s	100	1	956
r	1111	845	10	10	0	0	25s	100	1	956
r	1210	368	10	10	0	0	25s	100	1	956
r	1206	374	10	10	0	0	25s	100	1	956
r	1205	352	10	10	0	0	25s	100	1	956
r	1234	363	10	10	0	0	25s	100	1	956
r	1193	360	10	10	0	0	25s	100	1	956
r	1182	361	10	10	0	0	25s	100	1	956
r	1212	371	10	10	0	0	25s	100	1	956
r	1213	398	10	10	0	0	25s	100	1	956
r	1219	431	10	10	0	0	25s	100	1	956
r	1204	444	10	10	0	0	25s	100	1	956
r	1212	561	10	10	0	0	25s	100	1	956
r	1216	588	10	10	0	0	25s	100	1	956
r	1221	607	10	10	0	0	25s	100	1	956
r	1221	607	10	10	0	0	25s	100	1	956
r	1219	556	10	10	0	0	25s	100	1	956
r	1221	544	10	10	0	0	25s	100	1	956
r	1224	533	10	10	0	0	25s	100	1	956
r	1221	506	10	10	0	0	25s	100	1	956
r	1221	489	10	10	0	0	25s	100	1	956
r	1224	464	10	10	0	0	25s	100	1	956
r	1226	452	10	10	0	0	25s	100	1	956
r	1223	427	10	10	0	0	25s	100	1	956
r	1215	392	10	10	0	0	25s	100	1	956
r	1213	386	10	10	0	0	25s	100	1	956
r	1213	378	10	10	0	0	25s	100	1	956
r	1212	381	10	10	0	0	25s	100	1	956
r	1204	470	10	10	0	0	25s	100	1	956
r	1208	488	10	10	0	0	25s	100	1	956
r	1213	500	10	10	0	0	25s	100	1	956
r	1213	515	10	10	0	0	25s	100	1	956
r	1210	537	10	10	0	0	25s	100	1	956
r	1210	556	10	10	0	0	25s	100	1	956
r	1216	584	10	10	0	0	25s	100	1	956
r	1223	611	10	10	0	0	25s	100	1	956
r	1217	615	10	10	0	0	25s	100	1	956
r	1217	609	10	10	0	0	25s	100	1	956
r	1221	611	10	10	0	0	25s	100	1	956
r	1216	626	10	10	0	0	25s	100	1	956
r	1202	631	10	10	0	0	25s	100	1	956
r	1190	636	10	10	0	0	25s	100	1	956
r	1183	642	10	10	0	0	25s	100	1	956
r	1180	642	10	10	0	0	25s	100	1	956
r	1179	672	10	10	0	0	25s	100	1	956
r	1186	702	10	10	0	0	25s	100	1	956
r	1188	708	10	10	0	0	25s	100	1	956
r	1216	708	10	10	0	0	25s	100	1	956
r	1245	709	10	10	0	0	25s	100	1	956
r	1257	710	10	10	0	0	25s	100	1	956
r	1265	710	10	10	0	0	25s	100	1	956
r	1243	699	10	10	0	0	25s	100	1	956
r	1217	698	10	10	0	0	25s	100	1	956
r	1179	697	10	10	0	0	25s	100	1	956
r	1191	697	10	10	0	0	25s	100	1	956
r	1242	698	10	10	0	0	25s	100	1	956
r	1246	692	10	10	0	0	25s	100	1	956
r	1219	687	10	10	0	0	25s	100	1	956
r	1208	684	10	10	0	0	25s	100	1	956
r	1194	684	10	10	0	0	25s	100	1	956
r	1186	681	10	10	0	0	25s	100	1	956
r	1221	683	10	10	0	0	25s	100	1	956
r	1247	684	10	10	0	0	25s	100	1	956
r	1247	684	10	10	0	0	25s	100	1	956
r	1210	675	10	10	0	0	25s	100	1	956
r	1176	669	10	10	0	0	25s	100	1	956
r	1193	670	10	10	0	0	25s	100	1	956
r	1243	672	10	10	0	0	25s	100	1	956
r	1243	672	10	10	0	0	25s	100	1	956
r	1209	664	10	10	0	0	25s	100	1	956
r	1204	661	10	10	0	0	25s	100	1	956
r	1247	661	10	10	0	0	25s	100	1	956
r	1230	657	10	10	0	0	25s	100	1	956
r	1213	650	10	10	0	0	25s	100	1	956
r	1252	653	10	10	0	0	25s	100	1	956
r	1250	648	10	10	0	0	25s	100	1	956
r	1215	643	10	10	0	0	25s	100	1	956
r	1217	643	10	10	0	0	25s	100	1	956
r	1247	640	10	10	0	0	25s	100	1	956
r	1239	636	10	10	0	0	25s	100	1	956
r	1210	684	10	10	0	0	25s	100	1	956
r	1202	728	10	10	0	0	25s	100	1	956
r	1210	747	10	10	0	0	25s	100	1	956
r	1215	756	10	10	0	0	25s	100	1	956
r	1212	742	10	10	0	0	25s	100	1	956
r	1208	779	10	10	0	0	25s	100	1	956
r	1212	795	10	10	0	0	25s	100	1	956
r	1216	811	10	10	0	0	25s	100	1	956
r	1219	815	10	10	0	0	25s	100	1	956
r	1224	771	10	10	0	0	25s	100	1	956
r	1224	761	10	10	0	0	25s	100	1	956
r	1224	739	10	10	0	0	25s	100	1	956
r	1224	727	10	10	0	0	25s	100	1	956
r	1226	741	10	10	0	0	25s	100	1	956
r	1204	839	10	10	0	0	25s	100	1	956
r	1209	868	10	10	0	0	25s	100	1	956
r	1213	881	10	10	0	0	25s	100	1	956
r	1213	885	10	10	0	0	25s	100	1	956
r	1221	834	10	10	0	0	25s	100	1	956
r	1221	834	10	10	0	0	25s	100	1	956
r	1220	857	10	10	0	0	25s	100	1	956
r	1215	896	10	10	0	0	25s	100	1	956
r	1215	926	10	10	0	0	25s	100	1	956
r	1215	944	10	10	0	0	25s	100	1	956
r	1172	930	10	10	0	0	25s	100	1	956
r	1177	941	10	10	0	0	25s	100	1	956
r	1186	958	10	10	0	0	25s	100	1	956
r	1186	971	10	10	0	0	25s	100	1	956
r	1179	986	10	10	0	0	25s	100	1	956
r	1193	995	10	10	0	0	25s	100	1	956
r	1235	996	10	10	0	0	25s	100	1	956
r	1239	995	10	10	0	0	25s	100	1	956
r	1243	995	10	10	0	0	25s	100	1	956
r	1217	982	10	10	0	0	25s	100	1	956
r	1201	982	10	10	0	0	25s	100	1	956
r	1227	988	10	10	0	0	25s	100	1	956
r	1250	978	10	10	0	0	25s	100	1	956
r	1250	978	10	10	0	0	25s	100	1	956
r	1221	963	10	10	0	0	25s	100	1	956
r	1217	963	10	10	0	0	25s	100	1	956
r	1228	962	10	10	0	0	25s	100	1	956
r	1249	953	10	10	0	0	25s	100	1	956
r	1217	960	10	10	0	0	25s	100	1	956
r	1182	960	10	10	0	0	25s	100	1	956
r	1186	956	10	10	0	0	25s	100	1	956
r	1195	933	10	10	0	0	25s	100	1	956
r	1195	931	10	10	0	0	25s	100	1	956
r	1221	936	10	10	0	0	25s	100	1	956
r	1235	937	10	10	0	0	25s	100	1	956
r	1245	933	10	10	0	0	25s	100	1	956
r	1261	942	10	10	0	0	25s	100	1	956
r	1267	955	10	10	0	0	25s	100	1	956
r	1279	955	10	10	0	0	25s	100	1	956
r	1323	963	10	10	0	0	25s	100	1	956
r	1352	964	10	10	0	0	25s	100	1	956
r	1323	962	10	10	0	0	25s	100	1	956
r	1268	966	10	10	0	0	25s	100	1	956
r	1304	967	10	10	0	0	25s	100	1	956
r	1386	967	10	10	0	0	25s	100	1	956
r	1394	964	10	10	0	0	25s	100	1	956
r	1353	956	10	10	0	0	25s	100	1	956
r	1335	956	10	10	0	0	25s	100	1	956
r	1375	958	10	10	0	0	25s	100	1	956
r	1390	956	10	10	0	0	25s	100	1	956
r	1344	964	10	10	0	0	25s	100	1	956
r	1312	964	10	10	0	0	25s	100	1	956
r	1231	962	10	10	0	0	25s	100	1	956
r	1221	986	10	10	0	0	25s	100	1	956
r	1205	991	10	10	0	0	25s	100	1	956
r	1173	966	10	10	0	0	25s	100	1	956
r	1195	951	10	10	0	0	25s	100	1	956
r	1210	955	10	10	0	0	25s	100	1	956
r	1206	977	10	10	0	0	25s	100	1	956
r	1202	973	10	10	0	0	25s	100	1	956
r	1206	944	10	10	0	0	25s	100	1	956
r	1205	940	10	10	0	0	25s	100	1	956
r	1202	962	10	10	0	0	25s	100	1	956
r	1198	960	10	10	0	0	25s	100	1	956
r	1228	962	10	10	0	0	25s	100	1	956
r	1245	960	10	10	0	0	25s	100	1	956
r	1246	963	10	10	0	0	25s	100	1	956
r	1269	664	10	10	0	0	25s	100	1	956
r	1293	665	10	10	0	0	25s	100	1	956
r	1301	665	10	10	0	0	25s	100	1	956
r	1313	672	10	10	0	0	25s	100	1	956
r	1320	672	10	10	0	0	25s	100	1	956
r	1294	672	10	10	0	0	25s	100	1	956
r	1276	668	10	10	0	0	25s	100	1	956
r	1330	664	10	10	0	0	25s	100	1	956
r	1337	662	10	10	0	0	25s	100	1	956
r	1345	668	10	10	0	0	25s	100	1	956
r	1348	681	10	10	0	0	25s	100	1	956
r	1345	706	10	10	0	0	25s	100	1	956
r	1342	692	10	10	0	0	25s	100	1	956
r	1342	672	10	10	0	0	25s	100	1	956
r	1340	699	10	10	0	0	25s	100	1	956
r	1340	708	10	10	0	0	25s	100	1	956
r	1342	713	10	10	0	0	25s	100	1	956
r	1360	672	10	10	0	0	25s	100	1	956
r	1351	708	10	10	0	0	25s	100	1	956
r	1344	746	10	10	0	0	25s	100	1	956
r	1344	767	10	10	0	0	25s	100	1	956
r	1344	787	10	10	0	0	25s	100	1	956
r	1348	769	10	10	0	0	25s	100	1	956
r	1349	736	10	10	0	0	25s	100	1	956
r	1353	837	10	10	0	0	25s	100	1	956
r	1333	846	10	10	0	0	25s	100	1	956
r	1323	830	10	10	0	0	25s	100	1	956
r	1318	834	10	10	0	0	25s	100	1	956
r	1316	844	10	10	0	0	25s	100	1	956
r	1309	852	10	10	0	0	25s	100	1	956
r	1316	886	10	10	0	0	25s	100	1	956
r	1316	894	10	10	0	0	25s	100	1	956
r	1327	899	10	10	0	0	25s	100	1	956
r	1344	888	10	10	0	0	25s	100	1	956
r	1340	878	10	10	0	0	25s	100	1	956
r	1320	872	10	10	0	0	25s	100	1	956
r	1344	875	10	10	0	0	25s	100	1	956
r	1356	877	10	10	0	0	25s	100	1	956
r	1370	888	10	10	0	0	25s	100	1	956
r	1371	888	10	10	0	0	25s	100	1	956
r	1379	885	10	10	0	0	25s	100	1	956
r	1375	855	10	10	0	0	25s	100	1	956
r	1355	852	10	10	0	0	25s	100	1	956
r	1341	863	10	10	0	0	25s	100	1	956
r	1357	864	10	10	0	0	25s	100	1	956
r	1377	866	10	10	0	0	25s	100	1	956
r	1378	867	10	10	0	0	25s	100	1	956
r	1335	855	10	10	0	0	25s	100	1	956
r	1359	819	10	10	0	0	25s	100	1	956
r	1362	819	10	10	0	0	25s	100	1	956
r	1355	786	10	10	0	0	25s	100	1	956
r	1341	804	10	10	0	0	25s	100	1	956
r	1342	823	10	10	0	0	25s	100	1	956
r	1378	835	10	10	0	0	25s	100	1	956
r	1379	827	10	10	0	0	25s	100	1	956
r	1383	835	10	10	0	0	25s	100	1	956
r	1362	848	10	10	0	0	25s	100	1	956
r	1355	844	10	10	0	0	25s	100	1	956
r	1340	841	10	10	0	0	25s	100	1	956
r	1329	860	10	10	0	0	25s	100	1	956
r	1327	879	10	10	0	0	25s	100	1	956
r	1349	867	10	10	0	0	25s	100	1	956
r	1367	877	10	10	0	0	25s	100	1	956
r	1364	892	10	10	0	0	25s	100	1	956
r	1349	903	10	10	0	0	25s	100	1	956
r	1345	901	10	10	0	0	25s	100	1	956
r	1374	907	10	10	0	0	25s	100	1	956
r	1381	904	10	10	0	0	25s	100	1	956
r	1377	896	10	10	0	0	25s	100	1	956
r	1373	867	10	10	0	0	25s	100	1	956
r	1353	861	10	10	0	0	25s	100	1	956
r	1356	861	10	10	0	0	25s	100	1	956
r	1373	859	10	10	0	0	25s	100	1	956
r	1319	973	10	10	0	0	25s	100	1	956
r	1351	984	10	10	0	0	25s	100	1	956
r	1349	999	10	10	0	0	25s	100	1	956
r	1346	1013	10	10	0	0	25s	100	1	956
r	1344	1032	10	10	0	0	25s	100	1	956
r	1346	1000	10	10	0	0	25s	100	1	956
r	1345	1006	10	10	0	0	25s	100	1	956
r	1344	1028	10	10	0	0	25s	100	1	956
r	1346	1051	10	10	0	0	25s	100	1	956
r	1346	1070	10	10	0	0	25s	100	1	956
r	1318	1083	10	10	0	0	25s	100	1	956
r	1291	1087	10	10	0	0	25s	100	1	956
r	1274	1084	10	10	0	0	25s	100	1	956
r	1242	1078	10	10	0	0	25s	100	1	956
r	1228	1080	10	10	0	0	25s	100	1	956
r	1204	1076	10	10	0	0	25s	100	1	956
r	1193	1078	10	10	0	0	25s	100	1	956
r	1198	1085	10	10	0	0	25s	100	1	956
r	1305	1092	10	10	0	0	25s	100	1	956
r	1324	1089	10	10	0	0	25s	100	1	956
r	1349	1084	10	10	0	0	25s	100	1	956
r	1352	1076	10	10	0	0	25s	100	1	956
r	1352	1058	10	10	0	0	25s	100	1	956
r	1346	1025	10	10	0	0	25s	100	1	956
r	1348	1002	10	10	0	0	25s	100	1	956
r	1459	936	10	10	0	0	25s	100	1	956
r	1470	941	10	10	0	0	25s	100	1	956
r	1432	952	10	10	0	0	25s	100	1	956
r	1411	952	10	10	0	0	25s	100	1	956
r	1425	973	10	10	0	0	25s	100	1	956
r	1449	973	10	10	0	0	25s	100	1	956
r	1452	967	10	10	0	0	25s	100	1	956
r	1452	974	10	10	0	0	25s	100	1	956
r	1448	929	10	10	0	0	25s	100	1	956
r	1449	921	10	10	0	0	25s	100	1	956
r	1449	956	10	10	0	0	25s	100	1	956
r	1449	978	10	10	0	0	25s	100	1	956
r	1449	995	10	10	0	0	25s	100	1	956
r	1448	1004	10	10	0	0	25s	100	1	956
r	1466	996	10	10	0	0	25s	100	1	956
r	1473	974	10	10	0	0	25s	100	1	956
r	1465	953	10	10	0	0	25s	100	1	956
r	1463	952	10	10	0	0	25s	100	1	956
r	1474	984	10	10	0	0	25s	100	1	956
r	1474	995	10	10	0	0	25s	100	1	956
r	1504	991	10	10	0	0	25s	100	1	956
r	1507	977	10	10	0	0	25s	100	1	956
r	1500	962	10	10	0	0	25s	100	1	956
r	1480	959	10	10	0	0	25s	100	1	956
r	1491	966	10	10	0	0	25s	100	1	956
r	1521	970	10	10	0	0	25s	100	1	956
r	1517	956	10	10	0	0	25s	100	1	956
r	1500	937	10	10	0	0	25s	100	1	956
r	1484	930	10	10	0	0	25s	100	1	956
r	1522	936	10	10	0	0	25s	100	1	956
r	1504	941	10	10	0	0	25s	100	1	956
r	1504	958	10	10	0	0	25s	100	1	956
r	1478	993	10	10	0	0	25s	100	1	956
r	1502	997	10	10	0	0	25s	100	1	956
r	1503	980	10	10	0	0	25s	100	1	956
r	1496	958	10	10	0	0	25s	100	1	956
r	1484	963	10	10	0	0	25s	100	1	956
r	1481	1008	10	10	0	0	25s	100	1	956
r	1485	1030	10	10	0	0	25s	100	1	956
r	1485	1047	10	10	0	0	25s	100	1	956
r	1488	1065	10	10	0	0	25s	100	1	956
r	1474	1058	10	10	0	0	25s	100	1	956
r	1481	1030	10	10	0	0	25s	100	1	956
r	1478	988	10	10	0	0	25s	100	1	956
r	1471	1014	10	10	0	0	25s	100	1	956
r	1470	1061	10	10	0	0	25s	100	1	956
r	1470	1096	10	10	0	0	25s	100	1	956
r	1471	1125	10	10	0	0	25s	100	1	956
r	1480	1124	10	10	0	0	25s	100	1	956
r	1482	1068	10	10	0	0	25s	100	1	956
r	1482	1095	10	10	0	0	25s	100	1	956
r	1482	1122	10	10	0	0	25s	100	1	956
r	1482	1151	10	10	0	0	25s	100	1	956
r	1481	1190	10	10	0	0	25s	100	1	956
r	1481	1202	10	10	0	0	25s	100	1	956
r	1477	1184	10	10	0	0	25s	100	1	956
r	1480	1110	10	10	0	0	25s	100	1	956
r	1487	1169	10	10	0	0	25s	100	1	956
r	1481	1202	10	10	0	0	25s	100	1	956
r	1470	1253	10	10	0	0	25s	100	1	956
r	1469	1274	10	10	0	0	25s	100	1	956
r	1474	1285	10	10	0	0	25s	100	1	956
r	1484	1230	10	10	0	0	25s	100	1	956
r	1484	1279	10	10	0	0	25s	100	1	956
r	1496	1318	10	10	0	0	25s	100	1	956
r	1492	1335	10	10	0	0	25s	100	1	956
r	1487	1346	10	10	0	0	25s	100	1	956
r	1465	1337	10	10	0	0	25s	100	1	956
r	1459	1330	10	10	0	0	25s	100	1	956
r	1455	1320	10	10	0	0	25s	100	1	956
r	1448	1311	10	10	0	0	25s	100	1	956
r	1445	1340	10	10	0	0	25s	100	1	956
r	1449	1352	10	10	0	0	25s	100	1	956
r	1452	1363	10	10	0	0	25s	100	1	956
r	1458	1366	10	10	0	0	25s	100	1	956
r	1482	1371	10	10	0	0	25s	100	1	956
r	1506	1371	10	10	0	0	25s	100	1	956
r	1493	1363	10	10	0	0	25s	100	1	956
r	1471	1356	10	10	0	0	25s	100	1	956
r	1458	1377	10	10	0	0	25s	100	1	956
r	1456	1381	10	10	0	0	25s	100	1	956
r	1478	1382	10	10	0	0	25s	100	1	956
r	1499	1378	10	10	0	0	25s	100	1	956
r	1509	1375	10	10	0	0	25s	100	1	956
r	1514	1370	10	10	0	0	25s	100	1	956
r	1499	1344	10	10	0	0	25s	100	1	956
r	1511	1341	10	10	0	0	25s	100	1	956
r	1521	1338	10	10	0	0	25s	100	1	956
r	1518	1330	10	10	0	0	25s	100	1	956
r	1469	1307	10	10	0	0	25s	100	1	956
r	1467	1309	10	10	0	0	25s	100	1	956
r	1487	1315	10	10	0	0	25s	100	1	956
r	1495	1312	10	10	0	0	25s	100	1	956
r	1502	1324	10	10	0	0	25s	100	1	956
r	1423	1323	10	10	0	0	25s	100	1	956
r	1414	1327	10	10	0	0	25s	100	1	956
r	1396	1340	10	10	0	0	25s	100	1	956
r	1377	1337	10	10	0	0	25s	100	1	956
r	1368	1337	10	10	0	0	25s	100	1	956
r	1337	1338	10	10	0	0	25s	100	1	956
r	1312	1341	10	10	0	0	25s	100	1	956
r	1423	1341	10	10	0	0	25s	100	1	956
r	1394	1346	10	10	0	0	25s	100	1	956
r	1367	1351	10	10	0	0	25s	100	1	956
r	1335	1348	10	10	0	0	25s	100	1	956
r	1315	1346	10	10	0	0	25s	100	1	956
r	1290	1345	10	10	0	0	25s	100	1	956
r	1261	1345	10	10	0	0	25s	100	1	956
r	1243	1345	10	10	0	0	25s	100	1	956
r	1224	1345	10	10	0	0	25s	100	1	956
r	1217	1330	10	10	0	0	25s	100	1	956
r	1217	1294	10	10	0	0	25s	100	1	956
r	1219	1269	10	10	0	0	25s	100	1	956
r	1223	1253	10	10	0	0	25s	100	1	956
r	1228	1252	10	10	0	0	25s	100	1	956
r	1231	1287	10	10	0	0	25s	100	1	956
r	1231	1304	10	10	0	0	25s	100	1	956
r	1232	1305	10	10	0	0	25s	100	1	956
r	1236	1291	10	10	0	0	25s	100	1	956
r	1234	1254	10	10	0	0	25s	100	1	956
r	1291	1256	10	10	0	0	25s	100	1	956
r	1311	1254	10	10	0	0	25s	100	1	956
r	1327	1253	10	10	0	0	25s	100	1	956
r	1330	1253	10	10	0	0	25s	100	1	956
r	1267	1247	10	10	0	0	25s	100	1	956
r	1263	1250	10	10	0	0	25s	100	1	956
r	1353	1252	10	10	0	0	25s	100	1	956
r	1396	1250	10	10	0	0	25s	100	1	956
r	1412	1254	10	10	0	0	25s	100	1	956
r	1414	1261	10	10	0	0	25s	100	1	956
r	1378	1263	10	10	0	0	25s	100	1	956
r	1360	1261	10	10	0	0	25s	100	1	956
r	1366	1263	10	10	0	0	25s	100	1	956
r	1291	1260	10	10	0	0	25s	100	1	956
r	1226	1258	10	10	0	0	25s	100	1	956
r	1223	1238	10	10	0	0	25s	100	1	956
r	1220	1197	10	10	0	0	25s	100	1	956
r	1221	1176	10	10	0	0	25s	100	1	956
r	1221	1172	10	10	0	0	25s	100	1	956
r	1235	1219	10	10	0	0	25s	100	1	956
r	1235	1210	10	10	0	0	25s	100	1	956
r	1230	1172	10	10	0	0	25s	100	1	956
r	1230	1168	10	10	0	0	25s	100	1	956
r	1245	1171	10	10	0	0	25s	100	1	956
r	1278	1168	10	10	0	0	25s	100	1	956
r	1327	1165	10	10	0	0	25s	100	1	956
r	1352	1165	10	10	0	0	25s	100	1	956
r	1382	1164	10	10	0	0	25s	100	1	956
r	1386	1164	10	10	0	0	25s	100	1	956
r	1298	1160	10	10	0	0	25s	100	1	956
r	1278	1161	10	10	0	0	25s	100	1	956
r	1254	1160	10	10	0	0	25s	100	1	956
r	1241	1160	10	10	0	0	25s	100	1	956
r	1290	1166	10	10	0	0	25s	100	1	956
r	1355	1165	10	10	0	0	25s	100	1	956
r	1360	1168	10	10	0	0	25s	100	1	956
r	1231	1282	10	10	0	0	25s	100	1	956
r	1230	1327	10	10	0	0	25s	100	1	956
r	1223	1374	10	10	0	0	25s	100	1	956
r	1228	1412	10	10	0	0	25s	100	1	956
r	1231	1438	10	10	0	0	25s	100	1	956
r	1232	1456	10	10	0	0	25s	100	1	956
r	1227	1416	10	10	0	0	25s	100	1	956
r	1220	1385	10	10	0	0	25s	100	1	956
r	1226	1443	10	10	0	0	25s	100	1	956
r	1230	1466	10	10	0	0	25s	100	1	956
r	1231	1422	10	10	0	0	25s	100	1	956
r	1236	1392	10	10	0	0	25s	100	1	956
r	1219	1451	10	10	0	0	25s	100	1	956
r	1217	1460	10	10	0	0	25s	100	1	956
r	1226	1390	10	10	0	0	25s	100	1	956
r	1228	1463	10	10	0	0	25s	100	1	956
r	1249	1470	10	10	0	0	25s	100	1	956
r	1322	1471	10	10	0	0	25s	100	1	956
r	1293	1462	10	10	0	0	25s	100	1	956
r	1250	1463	10	10	0	0	25s	100	1	956
r	1316	1471	10	10	0	0	25s	100	1	956
r	1293	1459	10	10	0	0	25s	100	1	956
r	1279	1459	10	10	0	0	25s	100	1	956
r	1335	1463	10	10	0	0	25s	100	1	956
r	1265	1463	10	10	0	0	25s	100	1	956
r	1278	1465	10	10	0	0	25s	100	1	956
r	1289	1471	10	10	0	0	25s	100	1	956
r	1291	1470	10	10	0	0	25s	100	1	956
r	1304	1470	10	10	0	0	25s	100	1	956
r	1304	1467	10	10	0	0	25s	100	1	956
r	1286	1470	10	10	0	0	25s	100	1	956
r	1254	1465	10	10	0	0	25s	100	1	956
r	1254	1465	10	10	0	0	25s	100	1	956
r	1308	1466	10	10	0	0	25s	100	1	956
r	1322	1463	10	10	0	0	25s	100	1	956
r	1364	1485	10	10	0	0	25s	100	1	956
r	1362	1463	10	10	0	0	25s	100	1	956
r	1329	1465	10	10	0	0	25s	100	1	956
r	1353	1473	10	10	0	0	25s	100	1	956
r	1481	794	10	10	0	0	25s	100	1	956
r	1471	823	10	10	0	0	25s	100	1	956
r	1473	871	10	10	0	0	25s	100	1	956
r	1473	910	10	10	0	0	25s	100	1	956
r	1473	894	10	10	0	0	25s	100	1	956
r	1471	809	10	10	0	0	25s	100	1	956
r	1482	890	10	10	0	0	25s	100	1	956
r	1484	882	10	10	0	0	25s	100	1	956
r	1488	823	10	10	0	0	25s	100	1	956
r	1482	772	10	10	0	0	25s	100	1	956
r	1481	727	10	10	0	0	25s	100	1	956
r	1471	648	10	10	0	0	25s	100	1	956
r	1471	625	10	10	0	0	25s	100	1	956
r	1477	714	10	10	0	0	25s	100	1	956
r	1471	758	10	10	0	0	25s	100	1	956
r	1474	741	10	10	0	0	25s	100	1	956
r	1477	603	10	10	0	0	25s	100	1	956
r	1477	545	10	10	0	0	25s	100	1	956
r	1477	514	10	10	0	0	25s	100	1	956
r	1477	500	10	10	0	0	25s	100	1	956
r	1459	506	10	10	0	0	25s	100	1	956
r	1447	517	10	10	0	0	25s	100	1	956
r	1448	555	10	10	0	0	25s	100	1	956
r	1449	544	10	10	0	0	25s	100	1	956
r	1451	533	10	10	0	0	25s	100	1	956
r	1440	561	10	10	0	0	25s	100	1	956
r	1458	563	10	10	0	0	25s	100	1	956
r	1478	537	10	10	0	0	25s	100	1	956
r	1448	547	10	10	0	0	25s	100	1	956
r	1482	548	10	10	0	0	25s	100	1	956
r	1491	547	10	10	0	0	25s	100	1	956
r	1502	543	10	10	0	0	25s	100	1	956
r	1504	532	10	10	0	0	25s	100	1	956
r	1503	500	10	10	0	0	25s	100	1	956
r	1482	496	10	10	0	0	25s	100	1	956
r	1460	496	10	10	0	0	25s	100	1	956
r	1455	497	10	10	0	0	25s	100	1	956
r	1447	485	10	10	0	0	25s	100	1	956
r	1438	493	10	10	0	0	25s	100	1	956
r	1437	518	10	10	0	0	25s	100	1	956
r	1448	540	10	10	0	0	25s	100	1	956
r	1485	519	10	10	0	0	25s	100	1	956
r	1482	511	10	10	0	0	25s	100	1	956
r	1478	533	10	10	0	0	25s	100	1	956
r	1478	543	10	10	0	0	25s	100	1	956
r	1478	552	10	10	0	0	25s	100	1	956
r	1487	554	10	10	0	0	25s	100	1	956
r	1514	550	10	10	0	0	25s	100	1	956
r	1515	547	10	10	0	0	25s	100	1	956
r	1463	540	10	10	0	0	25s	100	1	956
r	1437	540	10	10	0	0	25s	100	1	956
r	1473	536	10	10	0	0	25s	100	1	956
r	1465	526	10	10	0	0	25s	100	1	956
r	1465	533	10	10	0	0	25s	100	1	956
r	1471	500	10	10	0	0	25s	100	1	956
r	1476	477	10	10	0	0	25s	100	1	956
r	1471	475	10	10	0	0	25s	100	1	956
r	1507	474	10	10	0	0	25s	100	1	956
r	1504	506	10	10	0	0	25s	100	1	956
r	1499	522	10	10	0	0	25s	100	1	956
r	1514	506	10	10	0	0	25s	100	1	956
r	1515	495	10	10	0	0	25s	100	1	956
r	1510	518	10	10	0	0	25s	100	1	956
r	1510	550	10	10	0	0	25s	100	1	956
r	1485	539	10	10	0	0	25s	100	1	956
r	1487	589	10	10	0	0	25s	100	1	956
r	1484	606	10	10	0	0	25s	100	1	956
r	1478	644	10	10	0	0	25s	100	1	956
r	1480	681	10	10	0	0	25s	100	1	956
r	1482	705	10	10	0	0	25s	100	1	956
r	1484	716	10	10	0	0	25s	100	1	956
r	1476	676	10	10	0	0	25s	100	1	956
r	1478	662	10	10	0	0	25s	100	1	956
r	1487	647	10	10	0	0	25s	100	1	956
r	1488	631	10	10	0	0	25s	100	1	956
r	1484	595	10	10	0	0	25s	100	1	956
r	1484	583	10	10	0	0	25s	100	1	956
r	1491	545	10	10	0	0	25s	100	1	956
r	1480	562	10	10	0	0	25s	100	1	956
r	1480	562	10	10	0	0	25s	100	1	956
r	1429	515	10	10	0	0	25s	100	1	956
r	1418	508	10	10	0	0	25s	100	1	956
r	1410	506	10	10	0	0	25s	100	1	956
r	1386	506	10	10	0	0	25s	100	1	956
r	1375	504	10	10	0	0	25s	100	1	956
r	1335	499	10	10	0	0	25s	100	1	956
r	1331	507	10	10	0	0	25s	100	1	956
r	1330	514	10	10	0	0	25s	100	1	956
r	1392	515	10	10	0	0	25s	100	1	956
r	1397	514	10	10	0	0	25s	100	1	956
r	1357	514	10	10	0	0	25s	100	1	956
r	1362	518	10	10	0	0	25s	100	1	956
r	1373	523	10	10	0	0	25s	100	1	956
r	1388	525	10	10	0	0	25s	100	1	956
r	1383	525	10	10	0	0	25s	100	1	956
r	1319	526	10	10	0	0	25s	100	1	956
r	1309	525	10	10	0	0	25s	100	1	956
r	1309	523	10	10	0	0	25s	100	1	956
r	1320	482	10	10	0	0	25s	100	1	956
r	1319	464	10	10	0	0	25s	100	1	956
r	1320	497	10	10	0	0	25s	100	1	956
r	1337	515	10	10	0	0	25s	100	1	956
r	1351	522	10	10	0	0	25s	100	1	956
r	1348	523	10	10	0	0	25s	100	1	956
r	1324	512	10	10	0	0	25s	100	1	956
r	1311	474	10	10	0	0	25s	100	1	956
r	1315	458	10	10	0	0	25s	100	1	956
r	1315	431	10	10	0	0	25s	100	1	956
r	1313	403	10	10	0	0	25s	100	1	956
r	1315	379	10	10	0	0	25s	100	1	956
r	1316	354	10	10	0	0	25s	100	1	956
r	1319	328	10	10	0	0	25s	100	1	956
r	1320	337	10	10	0	0	25s	100	1	956
r	1331	412	10	10	0	0	25s	100	1	956
r	1330	426	10	10	0	0	25s	100	1	956
r	1327	438	10	10	0	0	25s	100	1	956
r	1323	453	10	10	0	0	25s	100	1	956
r	1319	382	10	10	0	0	25s	100	1	956
r	1326	341	10	10	0	0	25s	100	1	956
r	1327	309	10	10	0	0	25s	100	1	956
r	1329	289	10	10	0	0	25s	100	1	956
r	1326	267	10	10	0	0	25s	100	1	956
r	1318	280	10	10	0	0	25s	100	1	956
r	1318	298	10	10	0	0	25s	100	1	956
r	1316	291	10	10	0	0	25s	100	1	956
r	1291	206	10	10	0	0	25s	100	1	956
r	1291	198	10	10	0	0	25s	100	1	956
r	1285	223	10	10	0	0	25s	100	1	956
r	1280	246	10	10	0	0	25s	100	1	956
r	1293	262	10	10	0	0	25s	100	1	956
r	1313	236	10	10	0	0	25s	100	1	956
r	1313	212	10	10	0	0	25s	100	1	956
r	1301	217	10	10	0	0	25s	100	1	956
r	1302	251	10	10	0	0	25s	100	1	956
r	1322	256	10	10	0	0	25s	100	1	956
r	1324	253	10	10	0	0	25s	100	1	956
r	1296	249	10	10	0	0	25s	100	1	956
r	1316	250	10	10	0	0	25s	100	1	956
r	1341	240	10	10	0	0	25s	100	1	956
r	1340	209	10	10	0	0	25s	100	1	956
r	1335	234	10	10	0	0	25s	100	1	956
r	1353	258	10	10	0	0	25s	100	1	956
r	1355	261	10	10	0	0	25s	100	1	956
r	1335	264	10	10	0	0	25s	100	1	956
r	1353	229	10	10	0	0	25s	100	1	956
r	1345	210	10	10	0	0	25s	100	1	956
r	1345	207	10	10	0	0	25s	100	1	956
r	1318	213	10	10	0	0	25s	100	1	956
r	1307	223	10	10	0	0	25s	100	1	956
r	1293	235	10	10	0	0	25s	100	1	956
r	1322	242	10	10	0	0	25s	100	1	956
r	1329	209	10	10	0	0	25s	100	1	956
r	1330	206	10	10	0	0	25s	100	1	956
r	1410	240	10	10	0	0	25s	100	1	956
r	1452	236	10	10	0	0	25s	100	1	956
r	1403	235	10	10	0	0	25s	100	1	956
r	1371	236	10	10	0	0	25s	100	1	956
r	1368	236	10	10	0	0	25s	100	1	956
r	1434	227	10	10	0	0	25s	100	1	956
r	1436	227	10	10	0	0	25s	100	1	956
r	1374	234	10	10	0	0	25s	100	1	956
r	1382	234	10	10	0	0	25s	100	1	956
r	1429	236	10	10	0	0	25s	100	1	956
r	1416	240	10	10	0	0	25s	100	1	956
r	1388	240	10	10	0	0	25s	100	1	956
r	1458	238	10	10	0	0	25s	100	1	956
r	1471	223	10	10	0	0	25s	100	1	956
r	1474	212	10	10	0	0	25s	100	1	956
r	1473	247	10	10	0	0	25s	100	1	956
r	1473	279	10	10	0	0	25s	100	1	956
r	1473	315	10	10	0	0	25s	100	1	956
r	1478	349	10	10	0	0	25s	100	1	956
r	1478	376	10	10	0	0	25s	100	1	956
r	1476	403	10	10	0	0	25s	100	1	956
r	1476	433	10	10	0	0	25s	100	1	956
r	1478	467	10	10	0	0	25s	100	1	956
r	1481	453	10	10	0	0	25s	100	1	956
r	1481	407	10	10	0	0	25s	100	1	956
r	1489	350	10	10	0	0	25s	100	1	956
r	1487	298	10	10	0	0	25s	100	1	956
r	1487	278	10	10	0	0	25s	100	1	956
r	1482	256	10	10	0	0	25s	100	1	956
r	1476	265	10	10	0	0	25s	100	1	956
r	1466	346	10	10	0	0	25s	100	1	956
r	1465	370	10	10	0	0	25s	100	1	956
r	1478	387	10	10	0	0	25s	100	1	956
r	1498	418	10	10	0	0	25s	100	1	956
r	1496	430	10	10	0	0	25s	100	1	956
r	1474	312	10	10	0	0	25s	100	1	956
r	1476	207	10	10	0	0	25s	100	1	956
r	1488	154	10	10	0	0	25s	100	1	956
r	1487	140	10	10	0	0	25s	100	1	956
r	1484	177	10	10	0	0	25s	100	1	956
r	1458	96	10	10	0	0	25s	100	1	956
r	1447	59	10	10	0	0	25s	100	1	956
r	1445	80	10	10	0	0	25s	100	1	956
r	1445	99	10	10	0	0	25s	100	1	956
r	1445	121	10	10	0	0	25s	100	1	956
r	1452	137	10	10	0	0	25s	100	1	956
r	1463	135	10	10	0	0	25s	100	1	956
r	1481	126	10	10	0	0	25s	100	1	956
r	1500	122	10	10	0	0	25s	100	1	956
r	1500	113	10	10	0	0	25s	100	1	956
r	1481	103	10	10	0	0	25s	100	1	956
r	1469	110	10	10	0	0	25s	100	1	956
r	1467	121	10	10	0	0	25s	100	1	956
r	1504	84	10	10	0	0	25s	100	1	956
r	1467	70	10	10	0	0	25s	100	1	956
r	1459	70	10	10	0	0	25s	100	1	956
r	1456	71	10	10	0	0	25s	100	1	956
r	1491	76	10	10	0	0	25s	100	1	956
r	1492	76	10	10	0	0	25s	100	1	956
r	1514	78	10	10	0	0	25s	100	1	956
r	1485	95	10	10	0	0	25s	100	1	956
r	1477	73	10	10	0	0	25s	100	1	956
r	1498	88	10	10	0	0	25s	100	1	956
r	1510	113	10	10	0	0	25s	100	1	956
r	1514	132	10	10	0	0	25s	100	1	956
r	1487	133	10	10	0	0	25s	100	1	956
r	1478	124	10	10	0	0	25s	100	1	956
r	1500	92	10	10	0	0	25s	100	1	956
r	1524	92	10	10	0	0	25s	100	1	956
r	1525	100	10	10	0	0	25s	100	1	956
r	1437	102	10	10	0	0	25s	100	1	956
r	1386	100	10	10	0	0	25s	100	1	956
r	1357	99	10	10	0	0	25s	100	1	956
r	1309	100	10	10	0	0	25s	100	1	956
r	1296	100	10	10	0	0	25s	100	1	956
r	1411	107	10	10	0	0	25s	100	1	956
r	1349	110	10	10	0	0	25s	100	1	956
r	1298	106	10	10	0	0	25s	100	1	956
r	1278	106	10	10	0	0	25s	100	1	956
r	1257	109	10	10	0	0	25s	100	1	956
r	1224	104	10	10	0	0	25s	100	1	956
r	1219	84	10	10	0	0	25s	100	1	956
r	1232	67	10	10	0	0	25s	100	1	956
r	1235	63	10	10	0	0	25s	100	1	956
r	1208	62	10	10	0	0	25s	100	1	956
r	1194	63	10	10	0	0	25s	100	1	956
r	1169	74	10	10	0	0	25s	100	1	956
r	1165	93	10	10	0	0	25s	100	1	956
r	1175	117	10	10	0	0	25s	100	1	956
r	1176	142	10	10	0	0	25s	100	1	956
r	1186	137	10	10	0	0	25s	100	1	956
r	1191	89	10	10	0	0	25s	100	1	956
r	1194	110	10	10	0	0	25s	100	1	956
r	1202	120	10	10	0	0	25s	100	1	956
r	1202	96	10	10	0	0	25s	100	1	956
r	1205	136	10	10	0	0	25s	100	1	956
r	1219	131	10	10	0	0	25s	100	1	956
r	1234	109	10	10	0	0	25s	100	1	956
r	1234	88	10	10	0	0	25s	100	1	956
r	1224	118	10	10	0	0	25s	100	1	956
r	1256	135	10	10	0	0	25s	100	1	956
r	1257	102	10	10	0	0	25s	100	1	956
r	1241	107	10	10	0	0	25s	100	1	956
r	1216	144	10	10	0	0	25s	100	1	956
r	1208	181	10	10	0	0	25s	100	1	956
r	1208	205	10	10	0	0	25s	100	1	956
r	1215	213	10	10	0	0	25s	100	1	956
r	1220	161	10	10	0	0	25s	100	1	956
r	1208	228	10	10	0	0	25s	100	1	956
r	1215	238	10	10	0	0	25s	100	1	956
r	1194	242	10	10	0	0	25s	100	1	956
r	1131	238	10	10	0	0	25s	100	1	956
r	1131	239	10	10	0	0	25s	100	1	956
r	1217	231	10	10	0	0	25s	100	1	956
r	1127	231	10	10	0	0	25s	100	1	956
r	1166	236	10	10	0	0	25s	100	1	956
r	1171	238	10	10	0	0	25s	100	1	956
r	1169	239	10	10	0	0	25s	100	1	956
r	1078	236	10	10	0	0	25s	100	1	956
r	1051	235	10	10	0	0	25s	100	1	956
r	1035	235	10	10	0	0	25s	100	1	956
r	997	228	10	10	0	0	25s	100	1	956
r	1003	202	10	10	0	0	25s	100	1	956
r	1002	205	10	10	0	0	25s	100	1	956
r	960	209	10	10	0	0	25s	100	1	956
r	951	224	10	10	0	0	25s	100	1	956
r	951	245	10	10	0	0	25s	100	1	956
r	969	275	10	10	0	0	25s	100	1	956
r	1003	271	10	10	0	0	25s	100	1	956
r	981	234	10	10	0	0	25s	100	1	956
r	974	235	10	10	0	0	25s	100	1	956
r	997	262	10	10	0	0	25s	100	1	956
r	1002	262	10	10	0	0	25s	100	1	956
r	985	236	10	10	0	0	25s	100	1	956
r	1008	227	10	10	0	0	25s	100	1	956
r	1018	251	10	10	0	0	25s	100	1	956
r	1015	257	10	10	0	0	25s	100	1	956
r	1015	264	10	10	0	0	25s	100	1	956
r	1026	235	10	10	0	0	25s	100	1	956
r	1026	227	10	10	0	0	25s	100	1	956
r	1050	251	10	10	0	0	25s	100	1	956
r	1088	246	10	10	0	0	25s	100	1	956
r	1136	245	10	10	0	0	25s	100	1	956
r	1107	107	10	10	0	0	25s	100	1	956
r	1084	109	10	10	0	0	25s	100	1	956
r	1015	102	10	10	0	0	25s	100	1	956
r	1000	102	10	10	0	0	25s	100	1	956
r	1002	100	10	10	0	0	25s	100	1	956
r	1100	103	10	10	0	0	25s	100	1	956
r	1106	113	10	10	0	0	25s	100	1	956
r	1046	107	10	10	0	0	25s	100	1	956
r	1008	103	10	10	0	0	25s	100	1	956
r	1076	92	10	10	0	0	25s	100	1	956
r	1118	98	10	10	0	0	25s	100	1	956
r	1135	99	10	10	0	0	25s	100	1	956
r	1136	100	10	10	0	0	25s	100	1	956
r	1002	107	10	10	0	0	25s	100	1	956
r	951	109	10	10	0	0	25s	100	1	956
r	934	106	10	10	0	0	25s	100	1	956
r	908	104	10	10	0	0	25s	100	1	956
r	885	100	10	10	0	0	25s	100	1	956
r	837	91	10	10	0	0	25s	100	1	956
r	837	81	10	10	0	0	25s	100	1	956
r	841	74	10	10	0	0	25s	100	1	956
r	808	74	10	10	0	0	25s	100	1	956
r	793	84	10	10	0	0	25s	100	1	956
r	793	103	10	10	0	0	25s	100	1	956
r	797	131	10	10	0	0	25s	100	1	956
r	809	143	10	10	0	0	25s	100	1	956
r	824	129	10	10	0	0	25s	100	1	956
r	815	91	10	10	0	0	25s	100	1	956
r	812	103	10	10	0	0	25s	100	1	956
r	833	126	10	10	0	0	25s	100	1	956
r	860	131	10	10	0	0	25s	100	1	956
r	860	111	10	10	0	0	25s	100	1	956
r	837	93	10	10	0	0	25s	100	1	956
r	822	100	10	10	0	0	25s	100	1	956
r	849	117	10	10	0	0	25s	100	1	956
r	860	106	10	10	0	0	25s	100	1	956
r	859	96	10	10	0	0	25s	100	1	956
r	859	87	10	10	0	0	25s	100	1	956
r	863	78	10	10	0	0	25s	100	1	956
r	857	73	10	10	0	0	25s	100	1	956
r	837	67	10	10	0	0	25s	100	1	956
r	816	66	10	10	0	0	25s	100	1	956
r	811	84	10	10	0	0	25s	100	1	956
r	809	113	10	10	0	0	25s	100	1	956
r	831	126	10	10	0	0	25s	100	1	956
r	844	120	10	10	0	0	25s	100	1	956
r	856	118	10	10	0	0	25s	100	1	956
r	870	126	10	10	0	0	25s	100	1	956
r	872	135	10	10	0	0	25s	100	1	956
r	850	131	10	10	0	0	25s	100	1	956
r	844	121	10	10	0	0	25s	100	1	956
r	879	96	10	10	0	0	25s	100	1	956
r	918	100	10	10	0	0	25s	100	1	956
r	938	103	10	10	0	0	25s	100	1	956
r	982	106	10	10	0	0	25s	100	1	956
r	1124	98	10	10	0	0	25s	100	1	956
r	1157	100	10	10	0	0	25s	100	1	956
r	1191	106	10	10	0	0	25s	100	1	956
r	828	139	10	10	0	0	25s	100	1	956
r	826	165	10	10	0	0	25s	100	1	956
r	828	191	10	10	0	0	25s	100	1	956
r	833	209	10	10	0	0	25s	100	1	956
r	828	232	10	10	0	0	25s	100	1	956
r	824	257	10	10	0	0	25s	100	1	956
r	824	289	10	10	0	0	25s	100	1	956
r	833	320	10	10	0	0	25s	100	1	956
r	838	338	10	10	0	0	25s	100	1	956
r	839	338	10	10	0	0	25s	100	1	956
r	849	232	10	10	0	0	25s	100	1	956
r	846	205	10	10	0	0	25s	100	1	956
r	838	176	10	10	0	0	25s	100	1	956
r	834	158	10	10	0	0	25s	100	1	956
r	833	177	10	10	0	0	25s	100	1	956
r	834	335	10	10	0	0	25s	100	1	956
r	815	364	10	10	0	0	25s	100	1	956
r	791	359	10	10	0	0	25s	100	1	956
r	786	356	10	10	0	0	25s	100	1	956
r	782	353	10	10	0	0	25s	100	1	956
r	772	319	10	10	0	0	25s	100	1	956
r	771	301	10	10	0	0	25s	100	1	956
r	771	283	10	10	0	0	25s	100	1	956
r	771	265	10	10	0	0	25s	100	1	956
r	769	268	10	10	0	0	25s	100	1	956
r	768	316	10	10	0	0	25s	100	1	956
r	769	338	10	10	0	0	25s	100	1	956
r	771	330	10	10	0	0	25s	100	1	956
r	779	306	10	10	0	0	25s	100	1	956
r	778	290	10	10	0	0	25s	100	1	956
r	775	269	10	10	0	0	25s	100	1	956
r	775	245	10	10	0	0	25s	100	1	956
r	772	225	10	10	0	0	25s	100	1	956
r	765	213	10	10	0	0	25s	100	1	956
r	734	201	10	10	0	0	25s	100	1	956
r	730	201	10	10	0	0	25s	100	1	956
r	763	201	10	10	0	0	25s	100	1	956
r	765	203	10	10	0	0	25s	100	1	956
r	742	205	10	10	0	0	25s	100	1	956
r	691	202	10	10	0	0	25s	100	1	956
r	669	198	10	10	0	0	25s	100	1	956
r	633	198	10	10	0	0	25s	100	1	956
r	600	198	10	10	0	0	25s	100	1	956
r	559	199	10	10	0	0	25s	100	1	956
r	506	198	10	10	0	0	25s	100	1	956
r	466	196	10	10	0	0	25s	100	1	956
r	501	205	10	10	0	0	25s	100	1	956
r	566	199	10	10	0	0	25s	100	1	956
r	603	202	10	10	0	0	25s	100	1	956
r	680	203	10	10	0	0	25s	100	1	956
r	694	201	10	10	0	0	25s	100	1	956
r	750	199	10	10	0	0	25s	100	1	956
r	754	202	10	10	0	0	25s	100	1	956
r	427	184	10	10	0	0	25s	100	1	956
r	398	170	10	10	0	0	25s	100	1	956
r	370	176	10	10	0	0	25s	100	1	956
r	361	180	10	10	0	0	25s	100	1	956
r	354	199	10	10	0	0	25s	100	1	956
r	354	221	10	10	0	0	25s	100	1	956
r	368	231	10	10	0	0	25s	100	1	956
r	392	234	10	10	0	0	25s	100	1	956
r	400	216	10	10	0	0	25s	100	1	956
r	385	196	10	10	0	0	25s	100	1	956
r	375	207	10	10	0	0	25s	100	1	956
r	379	225	10	10	0	0	25s	100	1	956
r	405	220	10	10	0	0	25s	100	1	956
r	412	201	10	10	0	0	25s	100	1	956
r	374	195	10	10	0	0	25s	100	1	956
r	368	198	10	10	0	0	25s	100	1	956
r	416	203	10	10	0	0	25s	100	1	956
r	419	203	10	10	0	0	25s	100	1	956
r	415	225	10	10	0	0	25s	100	1	956
r	401	234	10	10	0	0	25s	100	1	956
r	418	234	10	10	0	0	25s	100	1	956
r	433	228	10	10	0	0	25s	100	1	956
r	438	218	10	10	0	0	25s	100	1	956
r	407	199	10	10	0	0	25s	100	1	956
r	394	185	10	10	0	0	25s	100	1	956
r	425	183	10	10	0	0	25s	100	1	956
r	429	179	10	10	0	0	25s	100	1	956
r	429	177	10	10	0	0	25s	100	1	956
r	418	174	10	10	0	0	25s	100	1	956
r	397	179	10	10	0	0	25s	100	1	956
r	397	185	10	10	0	0	25s	100	1	956
r	291	201	10	10	0	0	25s	100	1	956
r	265	199	10	10	0	0	25s	100	1	956
r	234	199	10	10	0	0	25s	100	1	956
r	249	213	10	10	0	0	25s	100	1	956
r	324	212	10	10	0	0	25s	100	1	956
r	300	212	10	10	0	0	25s	100	1	956
r	235	205	10	10	0	0	25s	100	1	956
r	249	180	10	10	0	0	25s	100	1	956
r	246	176	10	10	0	0	25s	100	1	956
r	218	173	10	10	0	0	25s	100	1	956
r	199	173	10	10	0	0	25s	100	1	956
r	205	202	10	10	0	0	25s	100	1	956
r	213	221	10	10	0	0	25s	100	1	956
r	221	232	10	10	0	0	25s	100	1	956
r	227	224	10	10	0	0	25s	100	1	956
r	196	221	10	10	0	0	25s	100	1	956
r	214	234	10	10	0	0	25s	100	1	956
r	239	234	10	10	0	0	25s	100	1	956
r	249	228	10	10	0	0	25s	100	1	956
r	251	221	10	10	0	0	25s	100	1	956
r	221	192	10	10	0	0	25s	100	1	956
r	218	190	10	10	0	0	25s	100	1	956
r	214	210	10	10	0	0	25s	100	1	956
r	221	214	10	10	0	0	25s	100	1	956
r	240	217	10	10	0	0	25s	100	1	956
r	234	214	10	10	0	0	25s	100	1	956
r	213	206	10	10	0	0	25s	100	1	956
r	224	181	10	10	0	0	25s	100	1	956
r	238	180	10	10	0	0	25s	100	1	956
r	246	179	10	10	0	0	25s	100	1	956
r	228	183	10	10	0	0	25s	100	1	956
r	251	198	10	10	0	0	25s	100	1	956
r	261	198	10	10	0	0	25s	100	1	956
r	268	185	10	10	0	0	25s	100	1	956
r	275	166	10	10	0	0	25s	100	1	956
r	269	173	10	10	0	0	25s	100	1	956
r	265	213	10	10	0	0	25s	100	1	956
r	282	231	10	10	0	0	25s	100	1	956
r	268	236	10	10	0	0	25s	100	1	956
r	260	229	10	10	0	0	25s	100	1	956
r	423	201	10	10	0	0	25s	100	1	956
r	386	196	10	10	0	0	25s	100	1	956
r	378	212	10	10	0	0	25s	100	1	956
r	393	217	10	10	0	0	25s	100	1	956
r	397	209	10	10	0	0	25s	100	1	956
r	375	203	10	10	0	0	25s	100	1	956
r	375	202	10	10	0	0	25s	100	1	956
r	389	176	10	10	0	0	25s	100	1	956
r	426	185	10	10	0	0	25s	100	1	956
r	423	199	10	10	0	0	25s	100	1	956
r	390	196	10	10	0	0	25s	100	1	956
r	418	190	10	10	0	0	25s	100	1	956
r	419	190	10	10	0	0	25s	100	1	956
r	412	188	10	10	0	0	25s	100	1	956
r	431	199	10	10	0	0	25s	100	1	956
r	431	207	10	10	0	0	25s	100	1	956
r	430	209	10	10	0	0	25s	100	1	956
r	468	210	10	10	0	0	25s	100	1	956
r	468	212	10	10	0	0	25s	100	1	956
r	475	214	10	10	0	0	25s	100	1	956
r	543	218	10	10	0	0	25s	100	1	956
r	561	212	10	10	0	0	25s	100	1	956
r	541	273	10	10	0	0	25s	100	1	956
r	530	269	10	10	0	0	25s	100	1	956
r	508	278	10	10	0	0	25s	100	1	956
r	508	295	10	10	0	0	25s	100	1	956
r	512	330	10	10	0	0	25s	100	1	956
r	518	341	10	10	0	0	25s	100	1	956
r	537	341	10	10	0	0	25s	100	1	956
r	587	341	10	10	0	0	25s	100	1	956
r	572	306	10	10	0	0	25s	100	1	956
r	556	300	10	10	0	0	25s	100	1	956
r	551	320	10	10	0	0	25s	100	1	956
r	552	324	10	10	0	0	25s	100	1	956
r	554	327	10	10	0	0	25s	100	1	956
r	540	313	10	10	0	0	25s	100	1	956
r	522	297	10	10	0	0	25s	100	1	956
r	518	286	10	10	0	0	25s	100	1	956
r	547	286	10	10	0	0	25s	100	1	956
r	532	294	10	10	0	0	25s	100	1	956
r	526	323	10	10	0	0	25s	100	1	956
r	534	319	10	10	0	0	25s	100	1	956
r	539	302	10	10	0	0	25s	100	1	956
r	543	294	10	10	0	0	25s	100	1	956
r	559	272	10	10	0	0	25s	100	1	956
r	567	264	10	10	0	0	25s	100	1	956
r	574	283	10	10	0	0	25s	100	1	956
r	572	295	10	10	0	0	25s	100	1	956
r	544	317	10	10	0	0	25s	100	1	956
r	552	337	10	10	0	0	25s	100	1	956
r	580	337	10	10	0	0	25s	100	1	956
r	583	320	10	10	0	0	25s	100	1	956
r	577	306	10	10	0	0	25s	100	1	956
r	576	308	10	10	0	0	25s	100	1	956
r	559	328	10	10	0	0	25s	100	1	956
r	572	327	10	10	0	0	25s	100	1	956
r	583	309	10	10	0	0	25s	100	1	956
r	584	306	10	10	0	0	25s	100	1	956
r	577	315	10	10	0	0	25s	100	1	956
r	602	315	10	10	0	0	25s	100	1	956
r	499	309	10	10	0	0	25s	100	1	956
r	456	297	10	10	0	0	25s	100	1	956
r	437	294	10	10	0	0	25s	100	1	956
r	411	300	10	10	0	0	25s	100	1	956
r	385	301	10	10	0	0	25s	100	1	956
r	387	305	10	10	0	0	25s	100	1	956
r	503	308	10	10	0	0	25s	100	1	956
r	512	312	10	10	0	0	25s	100	1	956
r	429	316	10	10	0	0	25s	100	1	956
r	409	315	10	10	0	0	25s	100	1	956
r	372	309	10	10	0	0	25s	100	1	956
r	339	304	10	10	0	0	25s	100	1	956
r	326	304	10	10	0	0	25s	100	1	956
r	290	316	10	10	0	0	25s	100	1	956
r	290	341	10	10	0	0	25s	100	1	956
r	306	371	10	10	0	0	25s	100	1	956
r	306	398	10	10	0	0	25s	100	1	956
r	304	426	10	10	0	0	25s	100	1	956
r	295	453	10	10	0	0	25s	100	1	956
r	317	378	10	10	0	0	25s	100	1	956
r	293	367	10	10	0	0	25s	100	1	956
r	293	360	10	10	0	0	25s	100	1	956
r	293	335	10	10	0	0	25s	100	1	956
r	293	328	10	10	0	0	25s	100	1	956
r	295	330	10	10	0	0	25s	100	1	956
r	293	404	10	10	0	0	25s	100	1	956
r	282	455	10	10	0	0	25s	100	1	956
r	286	486	10	10	0	0	25s	100	1	956
r	304	517	10	10	0	0	25s	100	1	956
r	306	499	10	10	0	0	25s	100	1	956
r	289	387	10	10	0	0	25s	100	1	956
r	278	393	10	10	0	0	25s	100	1	956
r	283	534	10	10	0	0	25s	100	1	956
r	280	562	10	10	0	0	25s	100	1	956
r	295	580	10	10	0	0	25s	100	1	956
r	302	503	10	10	0	0	25s	100	1	956
r	298	589	10	10	0	0	25s	100	1	956
r	247	614	10	10	0	0	25s	100	1	956
r	203	613	10	10	0	0	25s	100	1	956
r	184	613	10	10	0	0	25s	100	1	956
r	234	613	10	10	0	0	25s	100	1	956
r	289	614	10	10	0	0	25s	100	1	956
r	295	613	10	10	0	0	25s	100	1	956
r	297	610	10	10	0	0	25s	100	1	956
r	235	607	10	10	0	0	25s	100	1	956
r	229	607	10	10	0	0	25s	100	1	956
r	250	610	10	10	0	0	25s	100	1	956
r	177	609	10	10	0	0	25s	100	1	956
r	140	587	10	10	0	0	25s	100	1	956
r	142	552	10	10	0	0	25s	100	1	956
r	181	533	10	10	0	0	25s	100	1	956
r	206	543	10	10	0	0	25s	100	1	956
r	210	543	10	10	0	0	25s	100	1	956
r	176	544	10	10	0	0	25s	100	1	956
r	172	551	10	10	0	0	25s	100	1	956
r	217	551	10	10	0	0	25s	100	1	956
r	231	545	10	10	0	0	25s	100	1	956
r	239	541	10	10	0	0	25s	100	1	956
r	243	521	10	10	0	0	25s	100	1	956
r	242	477	10	10	0	0	25s	100	1	956
r	246	445	10	10	0	0	25s	100	1	956
r	246	431	10	10	0	0	25s	100	1	956
r	246	411	10	10	0	0	25s	100	1	956
r	240	382	10	10	0	0	25s	100	1	956
r	228	300	10	10	0	0	25s	100	1	956
r	229	262	10	10	0	0	25s	100	1	956
r	227	251	10	10	0	0	25s	100	1	956
r	229	289	10	10	0	0	25s	100	1	956
r	235	334	10	10	0	0	25s	100	1	956
r	236	339	10	10	0	0	25s	100	1	956
r	239	280	10	10	0	0	25s	100	1	956
r	239	272	10	10	0	0	25s	100	1	956
r	239	268	10	10	0	0	25s	100	1	956
r	240	332	10	10	0	0	25s	100	1	956
r	245	356	10	10	0	0	25s	100	1	956
r	234	393	10	10	0	0	25s	100	1	956
r	240	420	10	10	0	0	25s	100	1	956
r	232	410	10	10	0	0	25s	100	1	956
r	235	410	10	10	0	0	25s	100	1	956
r	239	421	10	10	0	0	25s	100	1	956
r	239	422	10	10	0	0	25s	100	1	956
r	243	441	10	10	0	0	25s	100	1	956
r	234	474	10	10	0	0	25s	100	1	956
r	233	487	10	10	0	0	25s	100	1	956
r	237	510	10	10	0	0	25s	100	1	956
r	237	510	10	10	0	0	25s	100	1	956
r	234	504	10	10	0	0	25s	100	1	956
r	237	503	10	10	0	0	25s	100	1	956
r	560	381	10	10	0	0	25s	100	1	956
r	554	393	10	10	0	0	25s	100	1	956
r	551	407	10	10	0	0	25s	100	1	956
r	550	388	10	10	0	0	25s	100	1	956
r	551	362	10	10	0	0	25s	100	1	956
r	551	359	10	10	0	0	25s	100	1	956
r	549	369	10	10	0	0	25s	100	1	956
r	547	387	10	10	0	0	25s	100	1	956
r	548	403	10	10	0	0	25s	100	1	956
r	551	422	10	10	0	0	25s	100	1	956
r	551	432	10	10	0	0	25s	100	1	956
r	548	444	10	10	0	0	25s	100	1	956
r	547	452	10	10	0	0	25s	100	1	956
r	549	466	10	10	0	0	25s	100	1	956
r	547	486	10	10	0	0	25s	100	1	956
r	547	500	10	10	0	0	25s	100	1	956
r	548	516	10	10	0	0	25s	100	1	956
r	549	522	10	10	0	0	25s	100	1	956
r	569	533	10	10	0	0	25s	100	1	956
r	593	534	10	10	0	0	25s	100	1	956
r	620	528	10	10	0	0	25s	100	1	956
r	577	518	10	10	0	0	25s	100	1	956
r	562	531	10	10	0	0	25s	100	1	956
r	612	539	10	10	0	0	25s	100	1	956
r	632	539	10	10	0	0	25s	100	1	956
r	641	526	10	10	0	0	25s	100	1	956
r	646	498	10	10	0	0	25s	100	1	956
r	639	470	10	10	0	0	25s	100	1	956
r	637	447	10	10	0	0	25s	100	1	956
r	647	423	10	10	0	0	25s	100	1	956
r	643	422	10	10	0	0	25s	100	1	956
r	638	473	10	10	0	0	25s	100	1	956
r	637	506	10	10	0	0	25s	100	1	956
r	638	493	10	10	0	0	25s	100	1	956
r	633	415	10	10	0	0	25s	100	1	956
r	636	410	10	10	0	0	25s	100	1	956
r	654	303	10	10	0	0	25s	100	1	956
r	585	300	10	10	0	0	25s	100	1	956
r	576	303	10	10	0	0	25s	100	1	956
r	602	303	10	10	0	0	25s	100	1	956
r	628	301	10	10	0	0	25s	100	1	956
r	639	301	10	10	0	0	25s	100	1	956
r	693	315	10	10	0	0	25s	100	1	956
r	697	315	10	10	0	0	25s	100	1	956
r	663	301	10	10	0	0	25s	100	1	956
r	662	304	10	10	0	0	25s	100	1	956
r	692	306	10	10	0	0	25s	100	1	956
r	705	305	10	10	0	0	25s	100	1	956
r	706	305	10	10	0	0	25s	100	1	956
r	704	310	10	10	0	0	25s	100	1	956
r	718	349	10	10	0	0	25s	100	1	956
r	718	382	10	10	0	0	25s	100	1	956
r	703	408	10	10	0	0	25s	100	1	956
r	699	367	10	10	0	0	25s	100	1	956
r	706	328	10	10	0	0	25s	100	1	956
r	711	304	10	10	0	0	25s	100	1	956
r	713	309	10	10	0	0	25s	100	1	956
r	716	359	10	10	0	0	25s	100	1	956
r	717	423	10	10	0	0	25s	100	1	956
r	715	463	10	10	0	0	25s	100	1	956
r	708	506	10	10	0	0	25s	100	1	956
r	708	577	10	10	0	0	25s	100	1	956
r	711	438	10	10	0	0	25s	100	1	956
r	711	462	10	10	0	0	25s	100	1	956
r	712	507	10	10	0	0	25s	100	1	956
r	714	534	10	10	0	0	25s	100	1	956
r	714	565	10	10	0	0	25s	100	1	956
r	714	594	10	10	0	0	25s	100	1	956
r	714	619	10	10	0	0	25s	100	1	956
r	709	655	10	10	0	0	25s	100	1	956
r	709	688	10	10	0	0	25s	100	1	956
r	707	714	10	10	0	0	25s	100	1	956
r	711	741	10	10	0	0	25s	100	1	956
r	715	757	10	10	0	0	25s	100	1	956
r	718	782	10	10	0	0	25s	100	1	956
r	718	804	10	10	0	0	25s	100	1	956
r	725	810	10	10	0	0	25s	100	1	956
r	735	771	10	10	0	0	25s	100	1	956
r	745	731	10	10	0	0	25s	100	1	956
r	736	697	10	10	0	0	25s	100	1	956
r	716	656	10	10	0	0	25s	100	1	956
r	706	617	10	10	0	0	25s	100	1	956
r	705	577	10	10	0	0	25s	100	1	956
r	711	546	10	10	0	0	25s	100	1	956
r	714	541	10	10	0	0	25s	100	1	956
r	712	823	10	10	0	0	25s	100	1	956
r	697	807	10	10	0	0	25s	100	1	956
r	685	825	10	10	0	0	25s	100	1	956
r	677	827	10	10	0	0	25s	100	1	956
r	675	828	10	10	0	0	25s	100	1	956
r	676	857	10	10	0	0	25s	100	1	956
r	678	873	10	10	0	0	25s	100	1	956
r	678	880	10	10	0	0	25s	100	1	956
r	675	887	10	10	0	0	25s	100	1	956
r	682	894	10	10	0	0	25s	100	1	956
r	701	894	10	10	0	0	25s	100	1	956
r	707	881	10	10	0	0	25s	100	1	956
r	695	852	10	10	0	0	25s	100	1	956
r	692	851	10	10	0	0	25s	100	1	956
r	697	877	10	10	0	0	25s	100	1	956
r	701	877	10	10	0	0	25s	100	1	956
r	718	869	10	10	0	0	25s	100	1	956
r	709	848	10	10	0	0	25s	100	1	956
r	687	837	10	10	0	0	25s	100	1	956
r	709	838	10	10	0	0	25s	100	1	956
r	725	837	10	10	0	0	25s	100	1	956
r	725	861	10	10	0	0	25s	100	1	956
r	721	879	10	10	0	0	25s	100	1	956
r	726	889	10	10	0	0	25s	100	1	956
r	734	896	10	10	0	0	25s	100	1	956
r	746	884	10	10	0	0	25s	100	1	956
r	750	861	10	10	0	0	25s	100	1	956
r	739	833	10	10	0	0	25s	100	1	956
r	742	828	10	10	0	0	25s	100	1	956
r	751	841	10	10	0	0	25s	100	1	956
r	749	868	10	10	0	0	25s	100	1	956
r	743	887	10	10	0	0	25s	100	1	956
r	737	865	10	10	0	0	25s	100	1	956
r	742	849	10	10	0	0	25s	100	1	956
r	749	884	10	10	0	0	25s	100	1	956
r	749	887	10	10	0	0	25s	100	1	956
r	723	897	10	10	0	0	25s	100	1	956
r	688	894	10	10	0	0	25s	100	1	956
r	673	885	10	10	0	0	25s	100	1	956
r	667	861	10	10	0	0	25s	100	1	956
r	649	865	10	10	0	0	25s	100	1	956
r	630	860	10	10	0	0	25s	100	1	956
r	612	861	10	10	0	0	25s	100	1	956
r	679	852	10	10	0	0	25s	100	1	956
r	693	863	10	10	0	0	25s	100	1	956
r	695	868	10	10	0	0	25s	100	1	956
r	699	867	10	10	0	0	25s	100	1	956
r	714	858	10	10	0	0	25s	100	1	956
r	725	847	10	10	0	0	25s	100	1	956
r	710	832	10	10	0	0	25s	100	1	956
r	700	825	10	10	0	0	25s	100	1	956
r	704	819	10	10	0	0	25s	100	1	956
r	724	826	10	10	0	0	25s	100	1	956
r	732	839	10	10	0	0	25s	100	1	956
r	722	852	10	10	0	0	25s	100	1	956
r	677	862	10	10	0	0	25s	100	1	956
r	637	855	10	10	0	0	25s	100	1	956
r	603	852	10	10	0	0	25s	100	1	956
r	569	850	10	10	0	0	25s	100	1	956
r	567	854	10	10	0	0	25s	100	1	956
r	615	868	10	10	0	0	25s	100	1	956
r	622	868	10	10	0	0	25s	100	1	956
r	563	866	10	10	0	0	25s	100	1	956
r	559	866	10	10	0	0	25s	100	1	956
r	544	859	10	10	0	0	25s	100	1	956
r	541	838	10	10	0	0	25s	100	1	956
r	545	779	10	10	0	0	25s	100	1	956
r	549	784	10	10	0	0	25s	100	1	956
r	559	818	10	10	0	0	25s	100	1	956
r	556	825	10	10	0	0	25s	100	1	956
r	548	823	10	10	0	0	25s	100	1	956
r	541	809	10	10	0	0	25s	100	1	956
r	550	777	10	10	0	0	25s	100	1	956
r	551	766	10	10	0	0	25s	100	1	956
r	553	757	10	10	0	0	25s	100	1	956
r	550	740	10	10	0	0	25s	100	1	956
r	549	711	10	10	0	0	25s	100	1	956
r	558	654	10	10	0	0	25s	100	1	956
r	554	678	10	10	0	0	25s	100	1	956
r	555	685	10	10	0	0	25s	100	1	956
r	547	684	10	10	0	0	25s	100	1	956
r	543	680	10	10	0	0	25s	100	1	956
r	540	652	10	10	0	0	25s	100	1	956
r	541	632	10	10	0	0	25s	100	1	956
r	549	616	10	10	0	0	25s	100	1	956
r	554	610	10	10	0	0	25s	100	1	956
r	568	620	10	10	0	0	25s	100	1	956
r	576	625	10	10	0	0	25s	100	1	956
r	555	633	10	10	0	0	25s	100	1	956
r	582	621	10	10	0	0	25s	100	1	956
r	612	611	10	10	0	0	25s	100	1	956
r	628	612	10	10	0	0	25s	100	1	956
r	624	623	10	10	0	0	25s	100	1	956
r	596	623	10	10	0	0	25s	100	1	956
r	602	621	10	10	0	0	25s	100	1	956
r	643	621	10	10	0	0	25s	100	1	956
r	640	630	10	10	0	0	25s	100	1	956
r	638	661	10	10	0	0	25s	100	1	956
r	641	677	10	10	0	0	25s	100	1	956
r	635	692	10	10	0	0	25s	100	1	956
r	635	691	10	10	0	0	25s	100	1	956
r	634	641	10	10	0	0	25s	100	1	956
r	635	694	10	10	0	0	25s	100	1	956
r	639	732	10	10	0	0	25s	100	1	956
r	636	746	10	10	0	0	25s	100	1	956
r	647	748	10	10	0	0	25s	100	1	956
r	643	725	10	10	0	0	25s	100	1	956
r	634	704	10	10	0	0	25s	100	1	956
r	635	677	10	10	0	0	25s	100	1	956
r	640	652	10	10	0	0	25s	100	1	956
r	643	630	10	10	0	0	25s	100	1	956
r	647	639	10	10	0	0	25s	100	1	956
