r	660	232	10	10	0	0	20s	100	1	2411
r	508	235	10	10	0	0	20s	100	1	2412
r	656	240	10	10	0	0	20s	100	1	2411
r	1130	241	10	10	0	0	20s	100	1	2412
r	510	244	10	10	0	0	20s	100	1	2411
r	1104	245	10	10	0	0	20s	100	1	2411
r	1131	245	10	10	0	0	20s	100	1	2412
r	321	249	10	10	0	0	20s	100	1	2411
r	1339	249	10	10	0	0	20s	100	1	2411
r	363	250	10	10	0	0	20s	100	1	2411
r	1007	254	10	10	0	0	20s	100	1	2411
r	1322	254	10	10	0	0	20s	100	1	2411
r	686	256	10	10	0	0	20s	100	1	2412
r	1186	258	10	10	0	0	20s	100	1	2411
r	957	259	10	10	0	0	20s	100	1	2412
r	861	260	10	10	0	0	20s	100	1	2411
r	911	262	10	10	0	0	20s	100	1	2412
r	566	263	10	10	0	0	20s	100	1	2411
r	697	270	10	10	0	0	20s	100	1	2411
r	1088	270	10	10	0	0	20s	100	1	2411
r	939	277	10	10	0	0	20s	100	1	2411
r	884	278	10	10	0	0	20s	100	1	2412
r	1320	279	10	10	0	0	20s	100	1	2411
r	940	280	10	10	0	0	20s	100	1	2412
r	676	284	10	10	0	0	20s	100	1	2411
r	1230	284	10	10	0	0	20s	100	1	2411
r	467	288	10	10	0	0	20s	100	1	2411
r	1351	288	10	10	0	0	20s	100	1	2411
r	225	293	10	10	0	0	20s	100	1	2411
r	325	299	10	10	0	0	20s	100	1	2412
r	1326	302	10	10	0	0	20s	100	1	2412
r	333	304	10	10	0	0	20s	100	1	2411
r	905	329	10	10	0	0	20s	100	1	2412
r	606	331	10	10	0	0	20s	100	1	2412
r	596	333	10	10	0	0	20s	100	1	2411
r	1028	336	10	10	0	0	20s	100	1	2412
r	1337	338	10	10	0	0	20s	100	1	2411
r	1025	340	10	10	0	0	20s	100	1	2412
r	1204	340	10	10	0	0	20s	100	1	2411
r	920	341	10	10	0	0	20s	100	1	2411
r	1030	344	10	10	0	0	20s	100	1	2411
r	1138	351	10	10	0	0	20s	100	1	2412
r	432	352	10	10	0	0	20s	100	1	2411
r	603	352	10	10	0	0	20s	100	1	2411
r	452	354	10	10	0	0	20s	100	1	2411
r	355	356	10	10	0	0	20s	100	1	2411
r	738	356	10	10	0	0	20s	100	1	2411
r	1135	356	10	10	0	0	20s	100	1	2412
r	248	360	10	10	0	0	20s	100	1	2412
r	1104	361	10	10	0	0	20s	100	1	2411
r	340	371	10	10	0	0	20s	100	1	2411
r	920	376	10	10	0	0	20s	100	1	2412
r	1069	377	10	10	0	0	20s	100	1	2412
r	1216	378	10	10	0	0	20s	100	1	2412
r	248	382	10	10	0	0	20s	100	1	2412
r	1352	392	10	10	0	0	20s	100	1	2412
r	246	396	10	10	0	0	20s	100	1	2411
r	1307	400	10	10	0	0	20s	100	1	2412
r	1354	404	10	10	0	0	20s	100	1	2411
r	250	405	10	10	0	0	20s	100	1	2412
r	228	415	10	10	0	0	20s	100	1	2412
r	1320	436	10	10	0	0	20s	100	1	2412
r	1202	517	10	10	0	0	20s	100	1	2412
r	365	538	10	10	0	0	20s	100	1	2412
r	1246	540	10	10	0	0	20s	100	1	2412
r	369	543	10	10	0	0	20s	100	1	2412
r	375	551	10	10	0	0	20s	100	1	2411
r	1207	564	10	10	0	0	20s	100	1	2411
r	367	572	10	10	0	0	20s	100	1	2412
r	249	578	10	10	0	0	20s	100	1	2412
r	229	595	10	10	0	0	20s	100	1	2411
r	244	615	10	10	0	0	20s	100	1	2411
r	1238	686	10	10	0	0	20s	100	1	2411
r	316	687	10	10	0	0	20s	100	1	2412
r	1232	697	10	10	0	0	20s	100	1	2412
r	231	701	10	10	0	0	20s	100	1	2412
r	267	707	10	10	0	0	20s	100	1	2411
r	240	713	10	10	0	0	20s	100	1	2411
r	225	719	10	10	0	0	20s	100	1	2411
r	1256	723	10	10	0	0	20s	100	1	2411
r	218	748	10	10	0	0	20s	100	1	2412
r	240	753	10	10	0	0	20s	100	1	2412
r	259	758	10	10	0	0	20s	100	1	2411
r	1227	765	10	10	0	0	20s	100	1	2412
r	1235	785	10	10	0	0	20s	100	1	2411
r	1327	796	10	10	0	0	20s	100	1	2412
r	1329	819	10	10	0	0	20s	100	1	2411
r	1328	828	10	10	0	0	20s	100	1	2412
r	251	854	10	10	0	0	20s	100	1	2411
r	1325	867	10	10	0	0	20s	100	1	2411
r	1225	883	10	10	0	0	20s	100	1	2412
r	1252	901	10	10	0	0	20s	100	1	2412
r	312	922	10	10	0	0	20s	100	1	2411
r	1302	922	10	10	0	0	20s	100	1	2411
r	250	923	10	10	0	0	20s	100	1	2412
r	1246	924	10	10	0	0	20s	100	1	2412
r	1329	925	10	10	0	0	20s	100	1	2411
r	1328	926	10	10	0	0	20s	100	1	2411
r	240	927	10	10	0	0	20s	100	1	2411
r	1329	929	10	10	0	0	20s	100	1	2412
r	1331	943	10	10	0	0	20s	100	1	2411
r	238	944	10	10	0	0	20s	100	1	2412
r	240	985	10	10	0	0	20s	100	1	2411
r	1230	1007	10	10	0	0	20s	100	1	2411
r	322	1011	10	10	0	0	20s	100	1	2411
r	1328	1029	10	10	0	0	20s	100	1	2412
r	1375	1042	10	10	0	0	20s	100	1	2411
r	265	1044	10	10	0	0	20s	100	1	2412
r	1367	1044	10	10	0	0	20s	100	1	2411
r	1227	1051	10	10	0	0	20s	100	1	2412
r	221	1052	10	10	0	0	20s	100	1	2412
r	596	1057	10	10	0	0	20s	100	1	2412
r	1345	1059	10	10	0	0	20s	100	1	2411
r	1361	1060	10	10	0	0	20s	100	1	2412
r	1226	1061	10	10	0	0	20s	100	1	2411
r	1228	1062	10	10	0	0	20s	100	1	2411
r	274	1068	10	10	0	0	20s	100	1	2411
r	1235	1070	10	10	0	0	20s	100	1	2411
r	326	1073	10	10	0	0	20s	100	1	2411
r	627	1078	10	10	0	0	20s	100	1	2412
r	1229	1083	10	10	0	0	20s	100	1	2412
r	753	1086	10	10	0	0	20s	100	1	2412
r	608	1087	10	10	0	0	20s	100	1	2412
r	715	1087	10	10	0	0	20s	100	1	2411
r	441	1088	10	10	0	0	20s	100	1	2411
r	809	1092	10	10	0	0	20s	100	1	2412
r	543	1093	10	10	0	0	20s	100	1	2412
r	967	1093	10	10	0	0	20s	100	1	2412
r	458	1095	10	10	0	0	20s	100	1	2412
r	513	1097	10	10	0	0	20s	100	1	2411
r	567	1099	10	10	0	0	20s	100	1	2411
r	246	1100	10	10	0	0	20s	100	1	2412
r	970	1103	10	10	0	0	20s	100	1	2411
r	625	1104	10	10	0	0	20s	100	1	2412
r	1174	1106	10	10	0	0	20s	100	1	2412
r	990	1107	10	10	0	0	20s	100	1	2412
r	991	1107	10	10	0	0	20s	100	1	2412
r	856	1110	10	10	0	0	20s	100	1	2412
r	1193	1112	10	10	0	0	20s	100	1	2412
r	1129	1115	10	10	0	0	20s	100	1	2411
r	731	1116	10	10	0	0	20s	100	1	2412
r	1259	1117	10	10	0	0	20s	100	1	2412
r	1001	1118	10	10	0	0	20s	100	1	2411
r	1031	1122	10	10	0	0	20s	100	1	2411
r	1266	1125	10	10	0	0	20s	100	1	2411
r	1117	1126	10	10	0	0	20s	100	1	2411
r	708	1128	10	10	0	0	20s	100	1	2411
r	828	1134	10	10	0	0	20s	100	1	2412
r	1228	1134	10	10	0	0	20s	100	1	2412
r	1114	1135	10	10	0	0	20s	100	1	2411
r	964	1136	10	10	0	0	20s	100	1	2411
r	956	1141	10	10	0	0	20s	100	1	2411
r	593	1184	10	10	0	0	20s	100	1	2412
r	842	1184	10	10	0	0	20s	100	1	2412
r	606	1188	10	10	0	0	20s	100	1	2412
r	1123	1191	10	10	0	0	20s	100	1	2412
r	240	1194	10	10	0	0	20s	100	1	2411
r	1341	1199	10	10	0	0	20s	100	1	2411
r	1349	1199	10	10	0	0	20s	100	1	2412
r	1099	1201	10	10	0	0	20s	100	1	2412
r	1134	1204	10	10	0	0	20s	100	1	2411
r	1220	1205	10	10	0	0	20s	100	1	2412
r	454	1207	10	10	0	0	20s	100	1	2411
r	820	1207	10	10	0	0	20s	100	1	2411
r	1286	1208	10	10	0	0	20s	100	1	2412
r	754	1210	10	10	0	0	20s	100	1	2412
r	1342	1210	10	10	0	0	20s	100	1	2411
r	594	1211	10	10	0	0	20s	100	1	2412
r	760	1211	10	10	0	0	20s	100	1	2411
r	1305	1212	10	10	0	0	20s	100	1	2412
r	583	1216	10	10	0	0	20s	100	1	2412
r	1344	1216	10	10	0	0	20s	100	1	2411
r	1213	1217	10	10	0	0	20s	100	1	2412
r	974	1218	10	10	0	0	20s	100	1	2411
r	1263	1218	10	10	0	0	20s	100	1	2412
r	256	1219	10	10	0	0	20s	100	1	2412
r	918	1219	10	10	0	0	20s	100	1	2412
r	434	1220	10	10	0	0	20s	100	1	2411
r	571	1220	10	10	0	0	20s	100	1	2411
r	667	1220	10	10	0	0	20s	100	1	2411
r	265	1222	10	10	0	0	20s	100	1	2412
r	244	1227	10	10	0	0	20s	100	1	2411
r	815	1227	10	10	0	0	20s	100	1	2412
r	220	1230	10	10	0	0	20s	100	1	2411
r	1117	1232	10	10	0	0	20s	100	1	2412
r	263	1237	10	10	0	0	20s	100	1	2412
r	1089	154	10	10	0	0	20s	100	1	2414
r	1463	157	10	10	0	0	20s	100	1	2413
r	530	166	10	10	0	0	20s	100	1	2413
r	605	166	10	10	0	0	20s	100	1	2414
r	1434	167	10	10	0	0	20s	100	1	2414
r	340	168	10	10	0	0	20s	100	1	2413
r	664	169	10	10	0	0	20s	100	1	2414
r	730	169	10	10	0	0	20s	100	1	2413
r	1407	169	10	10	0	0	20s	100	1	2414
r	593	170	10	10	0	0	20s	100	1	2413
r	788	170	10	10	0	0	20s	100	1	2413
r	344	171	10	10	0	0	20s	100	1	2413
r	474	171	10	10	0	0	20s	100	1	2413
r	1132	171	10	10	0	0	20s	100	1	2414
r	1300	171	10	10	0	0	20s	100	1	2414
r	1025	172	10	10	0	0	20s	100	1	2413
r	1115	172	10	10	0	0	20s	100	1	2413
r	484	174	10	10	0	0	20s	100	1	2413
r	458	175	10	10	0	0	20s	100	1	2414
r	635	175	10	10	0	0	20s	100	1	2413
r	921	175	10	10	0	0	20s	100	1	2414
r	629	176	10	10	0	0	20s	100	1	2413
r	817	176	10	10	0	0	20s	100	1	2413
r	891	176	10	10	0	0	20s	100	1	2414
r	1053	176	10	10	0	0	20s	100	1	2414
r	1106	176	10	10	0	0	20s	100	1	2414
r	307	177	10	10	0	0	20s	100	1	2413
r	511	177	10	10	0	0	20s	100	1	2413
r	717	178	10	10	0	0	20s	100	1	2413
r	878	178	10	10	0	0	20s	100	1	2413
r	1251	178	10	10	0	0	20s	100	1	2414
r	759	179	10	10	0	0	20s	100	1	2414
r	1120	179	10	10	0	0	20s	100	1	2413
r	481	180	10	10	0	0	20s	100	1	2413
r	1386	180	10	10	0	0	20s	100	1	2413
r	1461	182	10	10	0	0	20s	100	1	2414
r	633	183	10	10	0	0	20s	100	1	2413
r	1114	184	10	10	0	0	20s	100	1	2414
r	1454	191	10	10	0	0	20s	100	1	2413
r	1094	194	10	10	0	0	20s	100	1	2413
r	1122	200	10	10	0	0	20s	100	1	2414
r	1445	212	10	10	0	0	20s	100	1	2414
r	1442	220	10	10	0	0	20s	100	1	2414
r	157	252	10	10	0	0	20s	100	1	2413
r	127	258	10	10	0	0	20s	100	1	2414
r	150	259	10	10	0	0	20s	100	1	2414
r	150	263	10	10	0	0	20s	100	1	2414
r	1443	296	10	10	0	0	20s	100	1	2414
r	1445	298	10	10	0	0	20s	100	1	2413
r	154	339	10	10	0	0	20s	100	1	2414
r	1435	341	10	10	0	0	20s	100	1	2414
r	151	369	10	10	0	0	20s	100	1	2413
r	1440	376	10	10	0	0	20s	100	1	2413
r	1472	382	10	10	0	0	20s	100	1	2414
r	1423	391	10	10	0	0	20s	100	1	2414
r	151	397	10	10	0	0	20s	100	1	2413
r	1424	399	10	10	0	0	20s	100	1	2413
r	1451	405	10	10	0	0	20s	100	1	2414
r	1458	407	10	10	0	0	20s	100	1	2414
r	1411	408	10	10	0	0	20s	100	1	2413
r	1468	409	10	10	0	0	20s	100	1	2414
r	1469	430	10	10	0	0	20s	100	1	2414
r	1445	473	10	10	0	0	20s	100	1	2414
r	1448	517	10	10	0	0	20s	100	1	2414
r	154	519	10	10	0	0	20s	100	1	2414
r	141	522	10	10	0	0	20s	100	1	2414
r	152	537	10	10	0	0	20s	100	1	2414
r	1445	542	10	10	0	0	20s	100	1	2413
r	149	546	10	10	0	0	20s	100	1	2413
r	154	557	10	10	0	0	20s	100	1	2413
r	152	560	10	10	0	0	20s	100	1	2413
r	1439	586	10	10	0	0	20s	100	1	2413
r	146	588	10	10	0	0	20s	100	1	2414
r	156	604	10	10	0	0	20s	100	1	2413
r	1450	605	10	10	0	0	20s	100	1	2413
r	1447	624	10	10	0	0	20s	100	1	2414
r	1442	628	10	10	0	0	20s	100	1	2413
r	156	645	10	10	0	0	20s	100	1	2414
r	1443	662	10	10	0	0	20s	100	1	2414
r	1444	688	10	10	0	0	20s	100	1	2413
r	137	700	10	10	0	0	20s	100	1	2413
r	176	702	10	10	0	0	20s	100	1	2414
r	138	717	10	10	0	0	20s	100	1	2414
r	189	731	10	10	0	0	20s	100	1	2414
r	137	740	10	10	0	0	20s	100	1	2413
r	142	750	10	10	0	0	20s	100	1	2414
r	1449	775	10	10	0	0	20s	100	1	2414
r	147	780	10	10	0	0	20s	100	1	2414
r	1451	790	10	10	0	0	20s	100	1	2414
r	148	819	10	10	0	0	20s	100	1	2413
r	1440	823	10	10	0	0	20s	100	1	2414
r	1442	837	10	10	0	0	20s	100	1	2414
r	146	850	10	10	0	0	20s	100	1	2413
r	143	869	10	10	0	0	20s	100	1	2413
r	1450	871	10	10	0	0	20s	100	1	2413
r	1438	875	10	10	0	0	20s	100	1	2414
r	1445	875	10	10	0	0	20s	100	1	2413
r	155	904	10	10	0	0	20s	100	1	2413
r	143	911	10	10	0	0	20s	100	1	2414
r	144	924	10	10	0	0	20s	100	1	2414
r	152	931	10	10	0	0	20s	100	1	2414
r	155	938	10	10	0	0	20s	100	1	2414
r	144	969	10	10	0	0	20s	100	1	2414
r	152	972	10	10	0	0	20s	100	1	2414
r	149	985	10	10	0	0	20s	100	1	2414
r	1450	1022	10	10	0	0	20s	100	1	2414
r	161	1026	10	10	0	0	20s	100	1	2414
r	1440	1031	10	10	0	0	20s	100	1	2414
r	1435	1033	10	10	0	0	20s	100	1	2413
r	1437	1034	10	10	0	0	20s	100	1	2414
r	1406	1042	10	10	0	0	20s	100	1	2413
r	1416	1042	10	10	0	0	20s	100	1	2413
r	143	1046	10	10	0	0	20s	100	1	2413
r	1400	1052	10	10	0	0	20s	100	1	2413
r	183	1067	10	10	0	0	20s	100	1	2413
r	1473	1074	10	10	0	0	20s	100	1	2414
r	1426	1081	10	10	0	0	20s	100	1	2413
r	149	1110	10	10	0	0	20s	100	1	2413
r	148	1146	10	10	0	0	20s	100	1	2413
r	154	1156	10	10	0	0	20s	100	1	2414
r	148	1187	10	10	0	0	20s	100	1	2413
r	147	1191	10	10	0	0	20s	100	1	2413
r	1448	1196	10	10	0	0	20s	100	1	2413
r	1437	1201	10	10	0	0	20s	100	1	2414
r	154	1202	10	10	0	0	20s	100	1	2413
r	1451	1220	10	10	0	0	20s	100	1	2414
r	1441	1248	10	10	0	0	20s	100	1	2414
r	1437	1261	10	10	0	0	20s	100	1	2413
r	1439	1264	10	10	0	0	20s	100	1	2414
r	577	1270	10	10	0	0	20s	100	1	2414
r	698	1272	10	10	0	0	20s	100	1	2413
r	587	1273	10	10	0	0	20s	100	1	2413
r	1432	1273	10	10	0	0	20s	100	1	2414
r	946	1274	10	10	0	0	20s	100	1	2413
r	587	1275	10	10	0	0	20s	100	1	2414
r	941	1275	10	10	0	0	20s	100	1	2414
r	607	1276	10	10	0	0	20s	100	1	2413
r	1475	1276	10	10	0	0	20s	100	1	2414
r	141	1278	10	10	0	0	20s	100	1	2413
r	1446	1278	10	10	0	0	20s	100	1	2413
r	583	1284	10	10	0	0	20s	100	1	2413
r	627	1284	10	10	0	0	20s	100	1	2414
r	1457	1284	10	10	0	0	20s	100	1	2414
r	155	1285	10	10	0	0	20s	100	1	2414
r	900	1285	10	10	0	0	20s	100	1	2413
r	923	1285	10	10	0	0	20s	100	1	2414
r	1456	1285	10	10	0	0	20s	100	1	2414
r	612	1289	10	10	0	0	20s	100	1	2414
r	239	1292	10	10	0	0	20s	100	1	2414
r	528	1292	10	10	0	0	20s	100	1	2414
r	334	1293	10	10	0	0	20s	100	1	2414
r	1437	1293	10	10	0	0	20s	100	1	2414
r	823	1294	10	10	0	0	20s	100	1	2414
r	844	1296	10	10	0	0	20s	100	1	2414
r	312	1297	10	10	0	0	20s	100	1	2413
r	506	1297	10	10	0	0	20s	100	1	2413
r	1071	1297	10	10	0	0	20s	100	1	2414
r	1148	1297	10	10	0	0	20s	100	1	2413
r	411	1298	10	10	0	0	20s	100	1	2413
r	388	1299	10	10	0	0	20s	100	1	2414
r	949	1299	10	10	0	0	20s	100	1	2413
r	183	1300	10	10	0	0	20s	100	1	2413
r	322	1300	10	10	0	0	20s	100	1	2414
r	592	1301	10	10	0	0	20s	100	1	2414
r	795	1301	10	10	0	0	20s	100	1	2413
r	713	1302	10	10	0	0	20s	100	1	2414
r	862	1303	10	10	0	0	20s	100	1	2414
r	1200	1303	10	10	0	0	20s	100	1	2413
r	627	1304	10	10	0	0	20s	100	1	2413
r	1279	1304	10	10	0	0	20s	100	1	2413
r	233	1305	10	10	0	0	20s	100	1	2414
r	851	1305	10	10	0	0	20s	100	1	2413
r	191	1306	10	10	0	0	20s	100	1	2414
r	1147	1306	10	10	0	0	20s	100	1	2414
r	791	1307	10	10	0	0	20s	100	1	2413
r	1379	1308	10	10	0	0	20s	100	1	2413
r	631	1313	10	10	0	0	20s	100	1	2413
r	737	1319	10	10	0	0	20s	100	1	2413
r	580	1329	10	10	0	0	20s	100	1	2413
r	586	1330	10	10	0	0	20s	100	1	2414
r	1066	492	10	10	0	0	20s	100	1	2410
r	838	504	10	10	0	0	20s	100	1	2410
r	463	509	10	10	0	0	20s	100	1	2409
r	1052	513	10	10	0	0	20s	100	1	2410
r	796	514	10	10	0	0	20s	100	1	2410
r	1056	514	10	10	0	0	20s	100	1	2410
r	800	520	10	10	0	0	20s	100	1	2410
r	827	520	10	10	0	0	20s	100	1	2409
r	832	521	10	10	0	0	20s	100	1	2409
r	1053	525	10	10	0	0	20s	100	1	2409
r	1060	525	10	10	0	0	20s	100	1	2410
r	468	526	10	10	0	0	20s	100	1	2410
r	515	526	10	10	0	0	20s	100	1	2409
r	1057	526	10	10	0	0	20s	100	1	2410
r	821	527	10	10	0	0	20s	100	1	2409
r	598	530	10	10	0	0	20s	100	1	2409
r	631	530	10	10	0	0	20s	100	1	2410
r	634	530	10	10	0	0	20s	100	1	2410
r	932	530	10	10	0	0	20s	100	1	2409
r	1012	530	10	10	0	0	20s	100	1	2409
r	698	531	10	10	0	0	20s	100	1	2409
r	870	531	10	10	0	0	20s	100	1	2410
r	1041	531	10	10	0	0	20s	100	1	2410
r	1075	532	10	10	0	0	20s	100	1	2409
r	720	534	10	10	0	0	20s	100	1	2410
r	756	534	10	10	0	0	20s	100	1	2410
r	705	535	10	10	0	0	20s	100	1	2410
r	805	535	10	10	0	0	20s	100	1	2409
r	610	536	10	10	0	0	20s	100	1	2409
r	520	537	10	10	0	0	20s	100	1	2410
r	731	537	10	10	0	0	20s	100	1	2409
r	1046	537	10	10	0	0	20s	100	1	2409
r	636	538	10	10	0	0	20s	100	1	2410
r	557	539	10	10	0	0	20s	100	1	2410
r	628	539	10	10	0	0	20s	100	1	2409
r	950	539	10	10	0	0	20s	100	1	2409
r	1057	539	10	10	0	0	20s	100	1	2409
r	794	540	10	10	0	0	20s	100	1	2409
r	922	541	10	10	0	0	20s	100	1	2410
r	763	543	10	10	0	0	20s	100	1	2409
r	838	543	10	10	0	0	20s	100	1	2410
r	761	544	10	10	0	0	20s	100	1	2409
r	900	545	10	10	0	0	20s	100	1	2409
r	512	547	10	10	0	0	20s	100	1	2409
r	1087	547	10	10	0	0	20s	100	1	2410
r	463	548	10	10	0	0	20s	100	1	2409
r	800	551	10	10	0	0	20s	100	1	2409
r	1062	551	10	10	0	0	20s	100	1	2410
r	482	552	10	10	0	0	20s	100	1	2409
r	501	556	10	10	0	0	20s	100	1	2409
r	799	559	10	10	0	0	20s	100	1	2409
r	514	562	10	10	0	0	20s	100	1	2409
r	800	563	10	10	0	0	20s	100	1	2410
r	828	563	10	10	0	0	20s	100	1	2410
r	808	564	10	10	0	0	20s	100	1	2410
r	500	566	10	10	0	0	20s	100	1	2410
r	808	566	10	10	0	0	20s	100	1	2409
r	815	566	10	10	0	0	20s	100	1	2409
r	1106	567	10	10	0	0	20s	100	1	2409
r	482	573	10	10	0	0	20s	100	1	2409
r	1071	598	10	10	0	0	20s	100	1	2410
r	1086	598	10	10	0	0	20s	100	1	2410
r	487	600	10	10	0	0	20s	100	1	2409
r	1083	603	10	10	0	0	20s	100	1	2409
r	1053	608	10	10	0	0	20s	100	1	2410
r	1104	616	10	10	0	0	20s	100	1	2410
r	489	622	10	10	0	0	20s	100	1	2409
r	1059	625	10	10	0	0	20s	100	1	2410
r	1068	625	10	10	0	0	20s	100	1	2410
r	1099	626	10	10	0	0	20s	100	1	2409
r	1082	629	10	10	0	0	20s	100	1	2410
r	482	636	10	10	0	0	20s	100	1	2410
r	487	644	10	10	0	0	20s	100	1	2409
r	1099	647	10	10	0	0	20s	100	1	2409
r	1081	650	10	10	0	0	20s	100	1	2410
r	485	653	10	10	0	0	20s	100	1	2409
r	1076	654	10	10	0	0	20s	100	1	2410
r	483	658	10	10	0	0	20s	100	1	2409
r	1081	661	10	10	0	0	20s	100	1	2410
r	1087	662	10	10	0	0	20s	100	1	2410
r	1075	671	10	10	0	0	20s	100	1	2409
r	1075	677	10	10	0	0	20s	100	1	2409
r	486	687	10	10	0	0	20s	100	1	2409
r	490	692	10	10	0	0	20s	100	1	2410
r	488	695	10	10	0	0	20s	100	1	2409
r	479	698	10	10	0	0	20s	100	1	2410
r	1078	698	10	10	0	0	20s	100	1	2409
r	483	706	10	10	0	0	20s	100	1	2409
r	1078	719	10	10	0	0	20s	100	1	2410
r	1071	721	10	10	0	0	20s	100	1	2409
r	1078	730	10	10	0	0	20s	100	1	2410
r	481	735	10	10	0	0	20s	100	1	2409
r	485	758	10	10	0	0	20s	100	1	2409
r	491	758	10	10	0	0	20s	100	1	2410
r	481	770	10	10	0	0	20s	100	1	2410
r	1075	776	10	10	0	0	20s	100	1	2410
r	1078	789	10	10	0	0	20s	100	1	2409
r	1085	791	10	10	0	0	20s	100	1	2409
r	1076	800	10	10	0	0	20s	100	1	2410
r	1075	808	10	10	0	0	20s	100	1	2410
r	1082	836	10	10	0	0	20s	100	1	2410
r	1083	841	10	10	0	0	20s	100	1	2409
r	487	843	10	10	0	0	20s	100	1	2409
r	1085	851	10	10	0	0	20s	100	1	2409
r	1076	855	10	10	0	0	20s	100	1	2410
r	1076	863	10	10	0	0	20s	100	1	2409
r	1078	864	10	10	0	0	20s	100	1	2410
r	1070	867	10	10	0	0	20s	100	1	2410
r	487	870	10	10	0	0	20s	100	1	2409
r	1071	880	10	10	0	0	20s	100	1	2409
r	1085	889	10	10	0	0	20s	100	1	2409
r	1086	896	10	10	0	0	20s	100	1	2410
r	925	898	10	10	0	0	20s	100	1	2409
r	1073	899	10	10	0	0	20s	100	1	2409
r	1086	899	10	10	0	0	20s	100	1	2409
r	502	900	10	10	0	0	20s	100	1	2409
r	970	900	10	10	0	0	20s	100	1	2409
r	1092	900	10	10	0	0	20s	100	1	2410
r	749	901	10	10	0	0	20s	100	1	2409
r	500	902	10	10	0	0	20s	100	1	2410
r	472	903	10	10	0	0	20s	100	1	2409
r	914	908	10	10	0	0	20s	100	1	2410
r	516	914	10	10	0	0	20s	100	1	2409
r	738	914	10	10	0	0	20s	100	1	2409
r	923	917	10	10	0	0	20s	100	1	2409
r	945	917	10	10	0	0	20s	100	1	2410
r	505	918	10	10	0	0	20s	100	1	2410
r	510	920	10	10	0	0	20s	100	1	2410
r	999	920	10	10	0	0	20s	100	1	2410
r	459	921	10	10	0	0	20s	100	1	2410
r	927	921	10	10	0	0	20s	100	1	2410
r	1027	921	10	10	0	0	20s	100	1	2410
r	660	922	10	10	0	0	20s	100	1	2410
r	560	923	10	10	0	0	20s	100	1	2409
r	1085	923	10	10	0	0	20s	100	1	2409
r	967	925	10	10	0	0	20s	100	1	2410
r	472	927	10	10	0	0	20s	100	1	2410
r	605	927	10	10	0	0	20s	100	1	2409
r	1009	927	10	10	0	0	20s	100	1	2410
r	1014	927	10	10	0	0	20s	100	1	2410
r	1006	928	10	10	0	0	20s	100	1	2410
r	466	929	10	10	0	0	20s	100	1	2410
r	771	929	10	10	0	0	20s	100	1	2410
r	918	929	10	10	0	0	20s	100	1	2410
r	1023	929	10	10	0	0	20s	100	1	2410
r	557	931	10	10	0	0	20s	100	1	2409
r	930	932	10	10	0	0	20s	100	1	2410
r	1097	933	10	10	0	0	20s	100	1	2409
r	685	934	10	10	0	0	20s	100	1	2409
r	456	935	10	10	0	0	20s	100	1	2410
r	752	935	10	10	0	0	20s	100	1	2409
r	771	937	10	10	0	0	20s	100	1	2409
r	959	937	10	10	0	0	20s	100	1	2409
r	964	937	10	10	0	0	20s	100	1	2410
r	509	938	10	10	0	0	20s	100	1	2409
r	733	940	10	10	0	0	20s	100	1	2409
r	1077	940	10	10	0	0	20s	100	1	2409
r	759	941	10	10	0	0	20s	100	1	2409
r	481	942	10	10	0	0	20s	100	1	2410
r	948	942	10	10	0	0	20s	100	1	2410
r	931	943	10	10	0	0	20s	100	1	2410
r	507	944	10	10	0	0	20s	100	1	2410
r	1091	944	10	10	0	0	20s	100	1	2410
r	958	949	10	10	0	0	20s	100	1	2409
r	925	950	10	10	0	0	20s	100	1	2410
r	468	954	10	10	0	0	20s	100	1	2410
r	508	954	10	10	0	0	20s	100	1	2410
r	956	957	10	10	0	0	20s	100	1	2409
r	747	961	10	10	0	0	20s	100	1	2409
r	952	610	10	10	0	0	20s	100	1	2408
r	893	613	10	10	0	0	20s	100	1	2408
r	864	615	10	10	0	0	20s	100	1	2409
r	1003	617	10	10	0	0	20s	100	1	2408
r	1006	617	10	10	0	0	20s	100	1	2409
r	587	618	10	10	0	0	20s	100	1	2409
r	627	618	10	10	0	0	20s	100	1	2408
r	1006	620	10	10	0	0	20s	100	1	2408
r	956	625	10	10	0	0	20s	100	1	2409
r	981	625	10	10	0	0	20s	100	1	2409
r	658	627	10	10	0	0	20s	100	1	2409
r	991	627	10	10	0	0	20s	100	1	2409
r	567	629	10	10	0	0	20s	100	1	2409
r	852	629	10	10	0	0	20s	100	1	2409
r	655	630	10	10	0	0	20s	100	1	2408
r	697	632	10	10	0	0	20s	100	1	2408
r	857	633	10	10	0	0	20s	100	1	2408
r	570	634	10	10	0	0	20s	100	1	2408
r	839	634	10	10	0	0	20s	100	1	2409
r	1020	634	10	10	0	0	20s	100	1	2409
r	871	635	10	10	0	0	20s	100	1	2408
r	571	636	10	10	0	0	20s	100	1	2408
r	817	636	10	10	0	0	20s	100	1	2409
r	644	637	10	10	0	0	20s	100	1	2408
r	872	637	10	10	0	0	20s	100	1	2408
r	720	638	10	10	0	0	20s	100	1	2408
r	687	639	10	10	0	0	20s	100	1	2409
r	1011	639	10	10	0	0	20s	100	1	2409
r	662	640	10	10	0	0	20s	100	1	2408
r	893	640	10	10	0	0	20s	100	1	2408
r	609	641	10	10	0	0	20s	100	1	2408
r	661	641	10	10	0	0	20s	100	1	2408
r	873	641	10	10	0	0	20s	100	1	2408
r	966	641	10	10	0	0	20s	100	1	2409
r	580	642	10	10	0	0	20s	100	1	2409
r	878	642	10	10	0	0	20s	100	1	2409
r	592	643	10	10	0	0	20s	100	1	2408
r	619	643	10	10	0	0	20s	100	1	2408
r	763	643	10	10	0	0	20s	100	1	2409
r	812	644	10	10	0	0	20s	100	1	2408
r	974	646	10	10	0	0	20s	100	1	2409
r	856	648	10	10	0	0	20s	100	1	2408
r	890	648	10	10	0	0	20s	100	1	2409
r	572	649	10	10	0	0	20s	100	1	2408
r	581	649	10	10	0	0	20s	100	1	2408
r	592	649	10	10	0	0	20s	100	1	2408
r	562	651	10	10	0	0	20s	100	1	2409
r	579	652	10	10	0	0	20s	100	1	2409
r	592	652	10	10	0	0	20s	100	1	2409
r	953	654	10	10	0	0	20s	100	1	2409
r	595	655	10	10	0	0	20s	100	1	2408
r	651	655	10	10	0	0	20s	100	1	2409
r	678	655	10	10	0	0	20s	100	1	2408
r	887	655	10	10	0	0	20s	100	1	2409
r	972	656	10	10	0	0	20s	100	1	2409
r	586	658	10	10	0	0	20s	100	1	2408
r	627	659	10	10	0	0	20s	100	1	2409
r	1008	659	10	10	0	0	20s	100	1	2408
r	678	660	10	10	0	0	20s	100	1	2409
r	625	662	10	10	0	0	20s	100	1	2408
r	669	663	10	10	0	0	20s	100	1	2408
r	962	663	10	10	0	0	20s	100	1	2408
r	976	664	10	10	0	0	20s	100	1	2409
r	560	665	10	10	0	0	20s	100	1	2408
r	638	665	10	10	0	0	20s	100	1	2408
r	573	666	10	10	0	0	20s	100	1	2409
r	576	670	10	10	0	0	20s	100	1	2408
r	974	675	10	10	0	0	20s	100	1	2408
r	645	688	10	10	0	0	20s	100	1	2409
r	561	695	10	10	0	0	20s	100	1	2409
r	651	702	10	10	0	0	20s	100	1	2408
r	647	706	10	10	0	0	20s	100	1	2408
r	565	708	10	10	0	0	20s	100	1	2408
r	566	711	10	10	0	0	20s	100	1	2409
r	988	713	10	10	0	0	20s	100	1	2408
r	773	714	10	10	0	0	20s	100	1	2408
r	682	717	10	10	0	0	20s	100	1	2409
r	799	719	10	10	0	0	20s	100	1	2408
r	764	720	10	10	0	0	20s	100	1	2408
r	815	721	10	10	0	0	20s	100	1	2408
r	563	722	10	10	0	0	20s	100	1	2408
r	764	722	10	10	0	0	20s	100	1	2408
r	672	723	10	10	0	0	20s	100	1	2409
r	817	723	10	10	0	0	20s	100	1	2408
r	683	726	10	10	0	0	20s	100	1	2409
r	789	731	10	10	0	0	20s	100	1	2408
r	686	733	10	10	0	0	20s	100	1	2408
r	712	734	10	10	0	0	20s	100	1	2408
r	736	734	10	10	0	0	20s	100	1	2408
r	741	736	10	10	0	0	20s	100	1	2408
r	657	737	10	10	0	0	20s	100	1	2409
r	657	738	10	10	0	0	20s	100	1	2408
r	699	738	10	10	0	0	20s	100	1	2408
r	716	738	10	10	0	0	20s	100	1	2408
r	628	740	10	10	0	0	20s	100	1	2408
r	564	741	10	10	0	0	20s	100	1	2408
r	712	741	10	10	0	0	20s	100	1	2409
r	765	741	10	10	0	0	20s	100	1	2409
r	973	741	10	10	0	0	20s	100	1	2408
r	978	742	10	10	0	0	20s	100	1	2408
r	736	746	10	10	0	0	20s	100	1	2408
r	654	748	10	10	0	0	20s	100	1	2408
r	688	749	10	10	0	0	20s	100	1	2408
r	765	749	10	10	0	0	20s	100	1	2409
r	804	749	10	10	0	0	20s	100	1	2409
r	977	753	10	10	0	0	20s	100	1	2408
r	774	755	10	10	0	0	20s	100	1	2409
r	667	756	10	10	0	0	20s	100	1	2408
r	819	756	10	10	0	0	20s	100	1	2409
r	815	757	10	10	0	0	20s	100	1	2409
r	794	762	10	10	0	0	20s	100	1	2409
r	625	765	10	10	0	0	20s	100	1	2408
r	766	768	10	10	0	0	20s	100	1	2409
r	678	771	10	10	0	0	20s	100	1	2409
r	792	771	10	10	0	0	20s	100	1	2408
r	567	772	10	10	0	0	20s	100	1	2408
r	799	775	10	10	0	0	20s	100	1	2408
r	790	776	10	10	0	0	20s	100	1	2408
r	975	785	10	10	0	0	20s	100	1	2408
r	974	786	10	10	0	0	20s	100	1	2409
r	566	787	10	10	0	0	20s	100	1	2408
r	988	793	10	10	0	0	20s	100	1	2409
r	793	798	10	10	0	0	20s	100	1	2409
r	974	798	10	10	0	0	20s	100	1	2409
r	976	800	10	10	0	0	20s	100	1	2408
r	796	802	10	10	0	0	20s	100	1	2408
r	778	810	10	10	0	0	20s	100	1	2409
r	774	811	10	10	0	0	20s	100	1	2408
r	821	813	10	10	0	0	20s	100	1	2408
r	986	813	10	10	0	0	20s	100	1	2409
r	571	815	10	10	0	0	20s	100	1	2409
r	964	818	10	10	0	0	20s	100	1	2409
r	565	819	10	10	0	0	20s	100	1	2409
r	807	819	10	10	0	0	20s	100	1	2408
r	585	820	10	10	0	0	20s	100	1	2408
r	789	820	10	10	0	0	20s	100	1	2408
r	996	822	10	10	0	0	20s	100	1	2409
r	594	823	10	10	0	0	20s	100	1	2409
r	795	823	10	10	0	0	20s	100	1	2409
r	592	829	10	10	0	0	20s	100	1	2408
r	777	829	10	10	0	0	20s	100	1	2409
r	994	830	10	10	0	0	20s	100	1	2409
r	571	832	10	10	0	0	20s	100	1	2409
r	728	832	10	10	0	0	20s	100	1	2409
r	880	833	10	10	0	0	20s	100	1	2409
r	885	833	10	10	0	0	20s	100	1	2409
r	953	833	10	10	0	0	20s	100	1	2408
r	933	835	10	10	0	0	20s	100	1	2408
r	991	835	10	10	0	0	20s	100	1	2408
r	574	836	10	10	0	0	20s	100	1	2408
r	595	837	10	10	0	0	20s	100	1	2409
r	879	837	10	10	0	0	20s	100	1	2408
r	911	837	10	10	0	0	20s	100	1	2408
r	633	838	10	10	0	0	20s	100	1	2409
r	714	838	10	10	0	0	20s	100	1	2408
r	938	839	10	10	0	0	20s	100	1	2409
r	591	840	10	10	0	0	20s	100	1	2408
r	829	840	10	10	0	0	20s	100	1	2408
r	648	841	10	10	0	0	20s	100	1	2409
r	821	843	10	10	0	0	20s	100	1	2408
r	750	844	10	10	0	0	20s	100	1	2408
r	850	844	10	10	0	0	20s	100	1	2408
r	676	845	10	10	0	0	20s	100	1	2409
r	705	845	10	10	0	0	20s	100	1	2408
r	774	845	10	10	0	0	20s	100	1	2408
r	905	845	10	10	0	0	20s	100	1	2409
r	946	846	10	10	0	0	20s	100	1	2408
r	589	848	10	10	0	0	20s	100	1	2408
r	612	848	10	10	0	0	20s	100	1	2408
r	686	848	10	10	0	0	20s	100	1	2408
r	921	848	10	10	0	0	20s	100	1	2409
r	604	849	10	10	0	0	20s	100	1	2409
r	673	849	10	10	0	0	20s	100	1	2408
r	715	849	10	10	0	0	20s	100	1	2408
r	898	849	10	10	0	0	20s	100	1	2408
r	904	849	10	10	0	0	20s	100	1	2408
r	577	854	10	10	0	0	20s	100	1	2408
r	992	855	10	10	0	0	20s	100	1	2408
r	994	855	10	10	0	0	20s	100	1	2408
r	963	856	10	10	0	0	20s	100	1	2409
r	968	856	10	10	0	0	20s	100	1	2409
r	764	861	10	10	0	0	20s	100	1	2409
r	584	862	10	10	0	0	20s	100	1	2409
r	540	866	10	10	0	0	20s	100	1	2409
r	817	866	10	10	0	0	20s	100	1	2409
r	545	867	10	10	0	0	20s	100	1	2409
r	787	869	10	10	0	0	20s	100	1	2409
r	342	183	15	15	0	0	20s	100	1	2412
r	378	176	15	15	0	0	20s	100	1	2412
r	417	176	15	15	0	0	20s	100	1	2412
r	430	185	15	15	0	0	20s	100	1	2411
r	437	173	15	15	0	0	20s	100	1	2412
r	394	164	15	15	0	0	20s	100	1	2412
r	391	183	15	15	0	0	20s	100	1	2412
r	322	172	15	15	0	0	20s	100	1	2412
r	283	166	15	15	0	0	20s	100	1	2412
r	300	183	15	15	0	0	20s	100	1	2412
r	323	183	15	15	0	0	20s	100	1	2412
r	372	173	15	15	0	0	20s	100	1	2412
r	363	183	15	15	0	0	20s	100	1	2412
r	363	170	15	15	0	0	20s	100	1	2412
r	679	183	15	15	0	0	20s	100	1	2412
r	665	177	15	15	0	0	20s	100	1	2412
r	668	157	15	15	0	0	20s	100	1	2412
r	695	163	15	15	0	0	20s	100	1	2412
r	687	189	15	15	0	0	20s	100	1	2412
r	666	193	15	15	0	0	20s	100	1	2412
r	675	203	15	15	0	0	20s	100	1	2412
r	704	203	15	15	0	0	20s	100	1	2412
r	711	189	15	15	0	0	20s	100	1	2412
r	701	166	15	15	0	0	20s	100	1	2412
r	684	164	15	15	0	0	20s	100	1	2412
r	662	162	15	15	0	0	20s	100	1	2412
r	681	137	15	15	0	0	20s	100	1	2412
r	699	144	15	15	0	0	20s	100	1	2412
r	698	163	15	15	0	0	20s	100	1	2412
r	672	169	15	15	0	0	20s	100	1	2412
r	681	187	15	15	0	0	20s	100	1	2412
r	701	199	15	15	0	0	20s	100	1	2412
r	711	196	15	15	0	0	20s	100	1	2412
r	694	175	15	15	0	0	20s	100	1	2411
r	675	251	15	15	0	0	20s	100	1	2411
r	662	264	15	15	0	0	20s	100	1	2411
r	669	257	15	15	0	0	20s	100	1	2411
r	676	229	15	15	0	0	20s	100	1	2411
r	699	252	15	15	0	0	20s	100	1	2411
r	702	267	15	15	0	0	20s	100	1	2411
r	681	270	15	15	0	0	20s	100	1	2411
r	688	262	15	15	0	0	20s	100	1	2411
r	712	260	15	15	0	0	20s	100	1	2411
r	701	237	15	15	0	0	20s	100	1	2411
r	694	235	15	15	0	0	20s	100	1	2411
r	705	273	15	15	0	0	20s	100	1	2411
r	687	280	15	15	0	0	20s	100	1	2411
r	919	239	15	15	0	0	20s	100	1	2411
r	888	244	15	15	0	0	20s	100	1	2411
r	897	278	15	15	0	0	20s	100	1	2411
r	920	281	15	15	0	0	20s	100	1	2411
r	929	268	15	15	0	0	20s	100	1	2411
r	909	251	15	15	0	0	20s	100	1	2411
r	900	252	15	15	0	0	20s	100	1	2412
r	942	245	15	15	0	0	20s	100	1	2412
r	933	261	15	15	0	0	20s	100	1	2412
r	919	286	15	15	0	0	20s	100	1	2412
r	897	264	15	15	0	0	20s	100	1	2412
r	914	244	15	15	0	0	20s	100	1	2412
r	909	216	15	15	0	0	20s	100	1	2412
r	899	228	15	15	0	0	20s	100	1	2412
r	1085	146	15	15	0	0	20s	100	1	2412
r	1115	162	15	15	0	0	20s	100	1	2412
r	1108	172	15	15	0	0	20s	100	1	2412
r	1093	170	15	15	0	0	20s	100	1	2412
r	1125	186	15	15	0	0	20s	100	1	2412
r	1134	195	15	15	0	0	20s	100	1	2412
r	1119	241	15	15	0	0	20s	100	1	2412
r	1099	254	15	15	0	0	20s	100	1	2412
r	1086	261	15	15	0	0	20s	100	1	2412
r	1086	283	15	15	0	0	20s	100	1	2412
r	1109	286	15	15	0	0	20s	100	1	2412
r	1115	273	15	15	0	0	20s	100	1	2412
r	1115	258	15	15	0	0	20s	100	1	2412
r	1116	278	15	15	0	0	20s	100	1	2412
r	1134	290	15	15	0	0	20s	100	1	2412
r	1145	262	15	15	0	0	20s	100	1	2412
r	1129	241	15	15	0	0	20s	100	1	2412
r	1113	252	15	15	0	0	20s	100	1	2412
r	1129	264	15	15	0	0	20s	100	1	2412
r	1141	258	15	15	0	0	20s	100	1	2412
r	1144	242	15	15	0	0	20s	100	1	2412
r	1113	232	15	15	0	0	20s	100	1	2412
r	1090	235	15	15	0	0	20s	100	1	2412
r	1086	235	15	15	0	0	20s	100	1	2412
r	1139	235	15	15	0	0	20s	100	1	2412
r	1141	241	15	15	0	0	20s	100	1	2412
r	469	250	15	15	0	0	20s	100	1	2412
r	469	270	15	15	0	0	20s	100	1	2412
r	495	273	15	15	0	0	20s	100	1	2412
r	503	258	15	15	0	0	20s	100	1	2412
r	490	242	15	15	0	0	20s	100	1	2412
r	477	241	15	15	0	0	20s	100	1	2412
r	502	245	15	15	0	0	20s	100	1	2412
r	485	262	15	15	0	0	20s	100	1	2412
r	479	265	15	15	0	0	20s	100	1	2412
r	487	268	15	15	0	0	20s	100	1	2412
r	515	284	15	15	0	0	20s	100	1	2412
r	499	293	15	15	0	0	20s	100	1	2412
r	475	281	15	15	0	0	20s	100	1	2412
r	463	268	15	15	0	0	20s	100	1	2412
r	463	260	15	15	0	0	20s	100	1	2412
r	464	242	15	15	0	0	20s	100	1	2412
r	475	234	15	15	0	0	20s	100	1	2412
r	495	242	15	15	0	0	20s	100	1	2412
r	512	267	15	15	0	0	20s	100	1	2412
r	495	261	15	15	0	0	20s	100	1	2412
r	486	284	15	15	0	0	20s	100	1	2412
r	477	284	15	15	0	0	20s	100	1	2412
r	645	348	15	15	0	0	20s	100	1	2412
r	609	342	15	15	0	0	20s	100	1	2412
r	599	350	15	15	0	0	20s	100	1	2411
r	610	372	15	15	0	0	20s	100	1	2411
r	619	369	15	15	0	0	20s	100	1	2411
r	469	332	15	15	0	0	20s	100	1	2411
r	467	345	15	15	0	0	20s	100	1	2411
r	473	369	15	15	0	0	20s	100	1	2411
r	499	355	15	15	0	0	20s	100	1	2411
r	500	337	15	15	0	0	20s	100	1	2411
r	489	336	15	15	0	0	20s	100	1	2411
r	472	355	15	15	0	0	20s	100	1	2411
r	502	374	15	15	0	0	20s	100	1	2411
r	485	343	15	15	0	0	20s	100	1	2411
r	477	336	15	15	0	0	20s	100	1	2411
r	512	330	15	15	0	0	20s	100	1	2411
r	516	349	15	15	0	0	20s	100	1	2411
r	508	362	15	15	0	0	20s	100	1	2411
r	492	369	15	15	0	0	20s	100	1	2411
r	473	361	15	15	0	0	20s	100	1	2411
r	466	358	15	15	0	0	20s	100	1	2411
r	473	319	15	15	0	0	20s	100	1	2411
r	489	317	15	15	0	0	20s	100	1	2411
r	500	322	15	15	0	0	20s	100	1	2411
r	486	327	15	15	0	0	20s	100	1	2411
r	464	327	15	15	0	0	20s	100	1	2411
r	463	330	15	15	0	0	20s	100	1	2411
r	460	349	15	15	0	0	20s	100	1	2411
r	459	359	15	15	0	0	20s	100	1	2412
r	464	369	15	15	0	0	20s	100	1	2412
r	469	374	15	15	0	0	20s	100	1	2412
r	486	376	15	15	0	0	20s	100	1	2412
r	502	375	15	15	0	0	20s	100	1	2412
r	495	348	15	15	0	0	20s	100	1	2412
r	483	356	15	15	0	0	20s	100	1	2412
r	513	350	15	15	0	0	20s	100	1	2412
r	503	376	15	15	0	0	20s	100	1	2412
r	500	340	15	15	0	0	20s	100	1	2412
r	509	343	15	15	0	0	20s	100	1	2412
r	358	275	15	15	0	0	20s	100	1	2412
r	327	270	15	15	0	0	20s	100	1	2412
r	330	280	15	15	0	0	20s	100	1	2412
r	345	255	15	15	0	0	20s	100	1	2412
r	322	287	15	15	0	0	20s	100	1	2412
r	336	301	15	15	0	0	20s	100	1	2412
r	361	286	15	15	0	0	20s	100	1	2412
r	337	274	15	15	0	0	20s	100	1	2412
r	340	290	15	15	0	0	20s	100	1	2412
r	339	299	15	15	0	0	20s	100	1	2412
r	358	261	15	15	0	0	20s	100	1	2412
r	358	264	15	15	0	0	20s	100	1	2412
r	343	265	15	15	0	0	20s	100	1	2412
r	309	254	15	15	0	0	20s	100	1	2412
r	293	252	15	15	0	0	20s	100	1	2412
r	363	297	15	15	0	0	20s	100	1	2412
r	348	310	15	15	0	0	20s	100	1	2412
r	343	286	15	15	0	0	20s	100	1	2412
r	356	287	15	15	0	0	20s	100	1	2412
r	365	286	15	15	0	0	20s	100	1	2412
r	365	268	15	15	0	0	20s	100	1	2412
r	352	280	15	15	0	0	20s	100	1	2412
r	345	322	15	15	0	0	20s	100	1	2412
r	320	362	15	15	0	0	20s	100	1	2412
r	320	368	15	15	0	0	20s	100	1	2412
r	337	365	15	15	0	0	20s	100	1	2412
r	342	349	15	15	0	0	20s	100	1	2412
r	325	335	15	15	0	0	20s	100	1	2412
r	322	350	15	15	0	0	20s	100	1	2412
r	326	348	15	15	0	0	20s	100	1	2412
r	352	320	15	15	0	0	20s	100	1	2412
r	356	369	15	15	0	0	20s	100	1	2412
r	343	372	15	15	0	0	20s	100	1	2412
r	343	340	15	15	0	0	20s	100	1	2412
r	353	336	15	15	0	0	20s	100	1	2412
r	363	365	15	15	0	0	20s	100	1	2412
r	361	365	15	15	0	0	20s	100	1	2412
r	359	345	15	15	0	0	20s	100	1	2412
r	366	335	15	15	0	0	20s	100	1	2412
r	368	353	15	15	0	0	20s	100	1	2412
r	362	355	15	15	0	0	20s	100	1	2412
r	332	278	15	15	0	0	20s	100	1	2412
r	260	271	15	15	0	0	20s	100	1	2412
r	216	261	15	15	0	0	20s	100	1	2412
r	200	258	15	15	0	0	20s	100	1	2412
r	251	284	15	15	0	0	20s	100	1	2412
r	270	291	15	15	0	0	20s	100	1	2412
r	218	277	15	15	0	0	20s	100	1	2412
r	242	274	15	15	0	0	20s	100	1	2412
r	280	291	15	15	0	0	20s	100	1	2412
r	326	274	15	15	0	0	20s	100	1	2412
r	273	278	15	15	0	0	20s	100	1	2412
r	261	297	15	15	0	0	20s	100	1	2412
r	261	310	15	15	0	0	20s	100	1	2412
r	219	297	15	15	0	0	20s	100	1	2412
r	209	274	15	15	0	0	20s	100	1	2412
r	225	254	15	15	0	0	20s	100	1	2412
r	252	257	15	15	0	0	20s	100	1	2412
r	265	262	15	15	0	0	20s	100	1	2412
r	255	284	15	15	0	0	20s	100	1	2412
r	248	252	15	15	0	0	20s	100	1	2412
r	203	281	15	15	0	0	20s	100	1	2412
r	182	277	15	15	0	0	20s	100	1	2412
r	173	277	15	15	0	0	20s	100	1	2412
r	160	277	15	15	0	0	20s	100	1	2412
r	151	271	15	15	0	0	20s	100	1	2412
r	131	277	15	15	0	0	20s	100	1	2412
r	121	287	15	15	0	0	20s	100	1	2412
r	131	294	15	15	0	0	20s	100	1	2412
r	151	297	15	15	0	0	20s	100	1	2412
r	172	297	15	15	0	0	20s	100	1	2412
r	147	281	15	15	0	0	20s	100	1	2412
r	147	283	15	15	0	0	20s	100	1	2412
r	167	294	15	15	0	0	20s	100	1	2412
r	172	296	15	15	0	0	20s	100	1	2412
r	138	287	15	15	0	0	20s	100	1	2412
r	131	251	15	15	0	0	20s	100	1	2412
r	141	247	15	15	0	0	20s	100	1	2412
r	169	264	15	15	0	0	20s	100	1	2412
r	172	267	15	15	0	0	20s	100	1	2412
r	172	268	15	15	0	0	20s	100	1	2412
r	169	251	15	15	0	0	20s	100	1	2412
r	248	316	15	15	0	0	20s	100	1	2412
r	250	335	15	15	0	0	20s	100	1	2412
r	251	361	15	15	0	0	20s	100	1	2412
r	244	402	15	15	0	0	20s	100	1	2412
r	234	414	15	15	0	0	20s	100	1	2412
r	225	423	15	15	0	0	20s	100	1	2412
r	229	425	15	15	0	0	20s	100	1	2411
r	245	427	15	15	0	0	20s	100	1	2411
r	251	418	15	15	0	0	20s	100	1	2411
r	245	401	15	15	0	0	20s	100	1	2411
r	237	423	15	15	0	0	20s	100	1	2411
r	245	423	15	15	0	0	20s	100	1	2411
r	250	428	15	15	0	0	20s	100	1	2411
r	258	434	15	15	0	0	20s	100	1	2411
r	268	427	15	15	0	0	20s	100	1	2411
r	274	415	15	15	0	0	20s	100	1	2411
r	271	410	15	15	0	0	20s	100	1	2411
r	267	395	15	15	0	0	20s	100	1	2411
r	262	389	15	15	0	0	20s	100	1	2411
r	238	388	15	15	0	0	20s	100	1	2411
r	231	389	15	15	0	0	20s	100	1	2411
r	225	389	15	15	0	0	20s	100	1	2411
r	229	404	15	15	0	0	20s	100	1	2411
r	232	421	15	15	0	0	20s	100	1	2411
r	229	428	15	15	0	0	20s	100	1	2411
r	224	440	15	15	0	0	20s	100	1	2411
r	221	441	15	15	0	0	20s	100	1	2411
r	222	438	15	15	0	0	20s	100	1	2411
r	244	438	15	15	0	0	20s	100	1	2411
r	257	440	15	15	0	0	20s	100	1	2411
r	270	440	15	15	0	0	20s	100	1	2411
r	277	436	15	15	0	0	20s	100	1	2412
r	278	421	15	15	0	0	20s	100	1	2412
r	271	405	15	15	0	0	20s	100	1	2412
r	268	398	15	15	0	0	20s	100	1	2412
r	264	391	15	15	0	0	20s	100	1	2412
r	231	384	15	15	0	0	20s	100	1	2412
r	221	391	15	15	0	0	20s	100	1	2412
r	225	405	15	15	0	0	20s	100	1	2412
r	226	412	15	15	0	0	20s	100	1	2412
r	251	404	15	15	0	0	20s	100	1	2412
r	273	405	15	15	0	0	20s	100	1	2412
r	254	412	15	15	0	0	20s	100	1	2412
r	238	400	15	15	0	0	20s	100	1	2412
r	241	397	15	15	0	0	20s	100	1	2412
r	261	411	15	15	0	0	20s	100	1	2412
r	261	417	15	15	0	0	20s	100	1	2412
r	250	391	15	15	0	0	20s	100	1	2412
r	265	397	15	15	0	0	20s	100	1	2412
r	273	389	15	15	0	0	20s	100	1	2412
r	275	385	15	15	0	0	20s	100	1	2412
r	278	402	15	15	0	0	20s	100	1	2412
r	274	407	15	15	0	0	20s	100	1	2412
r	1157	173	15	15	0	0	20s	100	1	2412
r	1220	164	15	15	0	0	20s	100	1	2412
r	1299	182	15	15	0	0	20s	100	1	2412
r	1278	177	15	15	0	0	20s	100	1	2412
r	1183	169	15	15	0	0	20s	100	1	2412
r	1158	166	15	15	0	0	20s	100	1	2412
r	1317	177	15	15	0	0	20s	100	1	2412
r	1382	180	15	15	0	0	20s	100	1	2412
r	1409	179	15	15	0	0	20s	100	1	2412
r	1434	166	15	15	0	0	20s	100	1	2412
r	1447	159	15	15	0	0	20s	100	1	2412
r	1436	166	15	15	0	0	20s	100	1	2412
r	1424	189	15	15	0	0	20s	100	1	2412
r	1436	196	15	15	0	0	20s	100	1	2412
r	1452	190	15	15	0	0	20s	100	1	2412
r	1460	179	15	15	0	0	20s	100	1	2412
r	1444	169	15	15	0	0	20s	100	1	2412
r	1432	169	15	15	0	0	20s	100	1	2412
r	1426	150	15	15	0	0	20s	100	1	2412
r	1436	146	15	15	0	0	20s	100	1	2412
r	1461	153	15	15	0	0	20s	100	1	2412
r	1462	179	15	15	0	0	20s	100	1	2412
r	1457	199	15	15	0	0	20s	100	1	2412
r	1428	193	15	15	0	0	20s	100	1	2412
r	1413	179	15	15	0	0	20s	100	1	2412
r	1442	192	15	15	0	0	20s	100	1	2412
r	1444	198	15	15	0	0	20s	100	1	2412
r	826	175	15	15	0	0	20s	100	1	2412
r	886	166	15	15	0	0	20s	100	1	2412
r	963	173	15	15	0	0	20s	100	1	2412
r	984	172	15	15	0	0	20s	100	1	2412
r	933	179	15	15	0	0	20s	100	1	2412
r	897	163	15	15	0	0	20s	100	1	2412
r	848	162	15	15	0	0	20s	100	1	2412
r	805	169	15	15	0	0	20s	100	1	2412
r	547	170	15	15	0	0	20s	100	1	2412
r	547	170	15	15	0	0	20s	100	1	2412
r	606	166	15	15	0	0	20s	100	1	2412
r	558	176	15	15	0	0	20s	100	1	2412
r	535	180	15	15	0	0	20s	100	1	2412
r	531	180	15	15	0	0	20s	100	1	2411
r	603	177	15	15	0	0	20s	100	1	2411
r	609	177	15	15	0	0	20s	100	1	2411
r	567	172	15	15	0	0	20s	100	1	2411
r	601	175	15	15	0	0	20s	100	1	2411
r	613	173	15	15	0	0	20s	100	1	2411
r	635	172	15	15	0	0	20s	100	1	2411
r	580	180	15	15	0	0	20s	100	1	2411
r	564	182	15	15	0	0	20s	100	1	2411
r	587	170	15	15	0	0	20s	100	1	2411
r	617	167	15	15	0	0	20s	100	1	2411
r	707	170	15	15	0	0	20s	100	1	2411
r	656	185	15	15	0	0	20s	100	1	2411
r	653	199	15	15	0	0	20s	100	1	2411
r	685	209	15	15	0	0	20s	100	1	2411
r	702	198	15	15	0	0	20s	100	1	2411
r	661	160	15	15	0	0	20s	100	1	2411
r	655	153	15	15	0	0	20s	100	1	2411
r	684	151	15	15	0	0	20s	100	1	2411
r	697	159	15	15	0	0	20s	100	1	2411
r	702	180	15	15	0	0	20s	100	1	2411
r	698	216	15	15	0	0	20s	100	1	2411
r	685	245	15	15	0	0	20s	100	1	2411
r	668	278	15	15	0	0	20s	100	1	2411
r	682	287	15	15	0	0	20s	100	1	2411
r	698	286	15	15	0	0	20s	100	1	2411
r	705	280	15	15	0	0	20s	100	1	2411
r	714	258	15	15	0	0	20s	100	1	2411
r	710	239	15	15	0	0	20s	100	1	2411
r	564	258	15	15	0	0	20s	100	1	2411
r	539	262	15	15	0	0	20s	100	1	2411
r	529	264	15	15	0	0	20s	100	1	2412
r	583	265	15	15	0	0	20s	100	1	2412
r	649	262	15	15	0	0	20s	100	1	2412
r	606	254	15	15	0	0	20s	100	1	2412
r	567	252	15	15	0	0	20s	100	1	2412
r	412	346	15	15	0	0	20s	100	1	2412
r	387	340	15	15	0	0	20s	100	1	2412
r	398	335	15	15	0	0	20s	100	1	2412
r	467	333	15	15	0	0	20s	100	1	2412
r	440	345	15	15	0	0	20s	100	1	2412
r	410	340	15	15	0	0	20s	100	1	2412
r	408	340	15	15	0	0	20s	100	1	2412
r	440	346	15	15	0	0	20s	100	1	2412
r	467	348	15	15	0	0	20s	100	1	2412
r	394	349	15	15	0	0	20s	100	1	2412
r	400	350	15	15	0	0	20s	100	1	2412
r	463	717	15	15	0	0	20s	100	1	2412
r	440	727	15	15	0	0	20s	100	1	2412
r	738	268	15	15	0	0	20s	100	1	2412
r	815	273	15	15	0	0	20s	100	1	2412
r	857	274	15	15	0	0	20s	100	1	2412
r	873	274	15	15	0	0	20s	100	1	2412
r	800	251	15	15	0	0	20s	100	1	2412
r	746	250	15	15	0	0	20s	100	1	2412
r	717	254	15	15	0	0	20s	100	1	2412
r	822	257	15	15	0	0	20s	100	1	2412
r	849	252	15	15	0	0	20s	100	1	2412
r	852	255	15	15	0	0	20s	100	1	2412
r	759	265	15	15	0	0	20s	100	1	2412
r	770	264	15	15	0	0	20s	100	1	2412
r	835	267	15	15	0	0	20s	100	1	2412
r	1077	248	15	15	0	0	20s	100	1	2412
r	1044	254	15	15	0	0	20s	100	1	2412
r	1005	268	15	15	0	0	20s	100	1	2412
r	965	271	15	15	0	0	20s	100	1	2412
r	937	264	15	15	0	0	20s	100	1	2412
r	1028	264	15	15	0	0	20s	100	1	2411
r	1073	264	15	15	0	0	20s	100	1	2411
r	1099	277	15	15	0	0	20s	100	1	2411
r	1209	234	15	15	0	0	20s	100	1	2411
r	1186	281	15	15	0	0	20s	100	1	2411
r	1199	283	15	15	0	0	20s	100	1	2411
r	1217	281	15	15	0	0	20s	100	1	2411
r	1211	248	15	15	0	0	20s	100	1	2411
r	1220	281	15	15	0	0	20s	100	1	2411
r	1177	275	15	15	0	0	20s	100	1	2411
r	1171	257	15	15	0	0	20s	100	1	2411
r	1188	225	15	15	0	0	20s	100	1	2411
r	1207	238	15	15	0	0	20s	100	1	2411
r	1214	267	15	15	0	0	20s	100	1	2411
r	1200	265	15	15	0	0	20s	100	1	2411
r	1181	231	15	15	0	0	20s	100	1	2411
r	1214	261	15	15	0	0	20s	100	1	2411
r	1222	260	15	15	0	0	20s	100	1	2411
r	1222	247	15	15	0	0	20s	100	1	2411
r	1211	229	15	15	0	0	20s	100	1	2411
r	356	267	10	10	0	0	20s	100	1	2412
r	370	254	10	10	0	0	20s	100	1	2412
r	371	282	10	10	0	0	20s	100	1	2412
r	362	292	10	10	0	0	20s	100	1	2412
r	345	284	10	10	0	0	20s	100	1	2412
r	340	247	10	10	0	0	20s	100	1	2412
r	352	252	10	10	0	0	20s	100	1	2412
r	366	273	10	10	0	0	20s	100	1	2412
r	358	291	10	10	0	0	20s	100	1	2412
r	337	295	10	10	0	0	20s	100	1	2412
r	325	265	10	10	0	0	20s	100	1	2412
r	326	274	10	10	0	0	20s	100	1	2412
r	337	300	10	10	0	0	20s	100	1	2412
r	358	304	10	10	0	0	20s	100	1	2412
r	365	295	10	10	0	0	20s	100	1	2412
r	372	283	10	10	0	0	20s	100	1	2412
r	374	266	10	10	0	0	20s	100	1	2412
r	371	252	10	10	0	0	20s	100	1	2412
r	355	244	10	10	0	0	20s	100	1	2412
r	335	257	10	10	0	0	20s	100	1	2412
r	345	276	10	10	0	0	20s	100	1	2412
r	340	352	10	10	0	0	20s	100	1	2412
r	340	378	10	10	0	0	20s	100	1	2412
r	352	376	10	10	0	0	20s	100	1	2412
r	375	360	10	10	0	0	20s	100	1	2412
r	353	335	10	10	0	0	20s	100	1	2412
r	336	332	10	10	0	0	20s	100	1	2412
r	392	346	10	10	0	0	20s	100	1	2412
r	435	346	10	10	0	0	20s	100	1	2412
r	457	351	10	10	0	0	20s	100	1	2412
r	406	356	10	10	0	0	20s	100	1	2412
r	410	351	10	10	0	0	20s	100	1	2412
r	464	351	10	10	0	0	20s	100	1	2412
r	491	353	10	10	0	0	20s	100	1	2412
r	504	350	10	10	0	0	20s	100	1	2412
r	473	351	10	10	0	0	20s	100	1	2412
r	487	371	10	10	0	0	20s	100	1	2412
r	515	357	10	10	0	0	20s	100	1	2412
r	492	312	10	10	0	0	20s	100	1	2412
r	488	290	10	10	0	0	20s	100	1	2412
r	490	272	10	10	0	0	20s	100	1	2412
r	484	243	10	10	0	0	20s	100	1	2412
r	470	264	10	10	0	0	20s	100	1	2412
r	489	275	10	10	0	0	20s	100	1	2412
r	477	274	10	10	0	0	20s	100	1	2412
r	470	283	10	10	0	0	20s	100	1	2412
r	509	264	10	10	0	0	20s	100	1	2412
r	506	248	10	10	0	0	20s	100	1	2412
r	514	272	10	10	0	0	20s	100	1	2412
r	489	272	10	10	0	0	20s	100	1	2412
r	493	255	10	10	0	0	20s	100	1	2412
r	507	276	10	10	0	0	20s	100	1	2412
r	499	286	10	10	0	0	20s	100	1	2412
r	502	276	10	10	0	0	20s	100	1	2412
r	352	284	10	10	0	0	20s	100	1	2412
r	366	297	10	10	0	0	20s	100	1	2412
r	320	280	10	10	0	0	20s	100	1	2412
r	302	271	10	10	0	0	20s	100	1	2412
r	285	273	10	10	0	0	20s	100	1	2412
r	283	276	10	10	0	0	20s	100	1	2412
r	324	277	10	10	0	0	20s	100	1	2412
r	299	276	10	10	0	0	20s	100	1	2412
r	360	248	10	10	0	0	20s	100	1	2412
r	353	275	10	10	0	0	20s	100	1	2412
r	366	295	10	10	0	0	20s	100	1	2412
r	331	294	10	10	0	0	20s	100	1	2412
r	249	274	10	10	0	0	20s	100	1	2412
r	235	297	10	10	0	0	20s	100	1	2412
r	252	307	10	10	0	0	20s	100	1	2412
r	224	283	10	10	0	0	20s	100	1	2412
r	242	262	10	10	0	0	20s	100	1	2412
r	250	272	10	10	0	0	20s	100	1	2412
r	236	281	10	10	0	0	20s	100	1	2412
r	226	271	10	10	0	0	20s	100	1	2412
r	231	280	10	10	0	0	20s	100	1	2412
r	252	299	10	10	0	0	20s	100	1	2412
r	263	290	10	10	0	0	20s	100	1	2412
r	273	272	10	10	0	0	20s	100	1	2412
r	261	258	10	10	0	0	20s	100	1	2412
r	238	253	10	10	0	0	20s	100	1	2412
r	232	255	10	10	0	0	20s	100	1	2412
r	257	252	10	10	0	0	20s	100	1	2412
r	276	253	10	10	0	0	20s	100	1	2412
r	273	268	10	10	0	0	20s	100	1	2412
r	264	295	10	10	0	0	20s	100	1	2412
r	243	296	10	10	0	0	20s	100	1	2412
r	219	289	10	10	0	0	20s	100	1	2412
r	217	288	10	10	0	0	20s	100	1	2412
r	236	300	10	10	0	0	20s	100	1	2412
r	260	298	10	10	0	0	20s	100	1	2412
r	264	296	10	10	0	0	20s	100	1	2412
r	168	269	10	10	0	0	20s	100	1	2412
r	149	268	10	10	0	0	20s	100	1	2412
r	128	256	10	10	0	0	20s	100	1	2412
r	123	281	10	10	0	0	20s	100	1	2412
r	129	284	10	10	0	0	20s	100	1	2412
r	136	262	10	10	0	0	20s	100	1	2412
r	136	275	10	10	0	0	20s	100	1	2412
r	142	274	10	10	0	0	20s	100	1	2412
r	139	274	10	10	0	0	20s	100	1	2412
r	115	280	10	10	0	0	20s	100	1	2412
r	142	289	10	10	0	0	20s	100	1	2412
r	146	290	10	10	0	0	20s	100	1	2412
r	153	294	10	10	0	0	20s	100	1	2412
r	134	299	10	10	0	0	20s	100	1	2412
r	128	299	10	10	0	0	20s	100	1	2412
r	158	300	10	10	0	0	20s	100	1	2412
r	161	296	10	10	0	0	20s	100	1	2412
r	167	289	10	10	0	0	20s	100	1	2412
r	161	280	10	10	0	0	20s	100	1	2412
r	160	279	10	10	0	0	20s	100	1	2412
r	170	270	10	10	0	0	20s	100	1	2412
r	169	258	10	10	0	0	20s	100	1	2412
r	131	249	10	10	0	0	20s	100	1	2412
r	127	260	10	10	0	0	20s	100	1	2412
r	123	271	10	10	0	0	20s	100	1	2412
r	125	278	10	10	0	0	20s	100	1	2412
r	153	255	10	10	0	0	20s	100	1	2412
r	169	260	10	10	0	0	20s	100	1	2412
r	162	271	10	10	0	0	20s	100	1	2412
r	156	274	10	10	0	0	20s	100	1	2412
r	167	257	10	10	0	0	20s	100	1	2412
r	131	259	10	10	0	0	20s	100	1	2412
r	160	284	10	10	0	0	20s	100	1	2412
r	168	291	10	10	0	0	20s	100	1	2412
r	162	293	10	10	0	0	20s	100	1	2412
r	150	299	10	10	0	0	20s	100	1	2412
r	147	562	10	10	0	0	20s	100	1	2412
r	146	526	10	10	0	0	20s	100	1	2412
r	143	496	10	10	0	0	20s	100	1	2412
r	143	476	10	10	0	0	20s	100	1	2412
r	144	459	10	10	0	0	20s	100	1	2412
r	144	441	10	10	0	0	20s	100	1	2412
r	145	420	10	10	0	0	20s	100	1	2412
r	149	307	10	10	0	0	20s	100	1	2412
r	151	345	10	10	0	0	20s	100	1	2412
r	152	360	10	10	0	0	20s	100	1	2412
r	152	378	10	10	0	0	20s	100	1	2412
r	153	397	10	10	0	0	20s	100	1	2412
r	150	430	10	10	0	0	20s	100	1	2412
r	149	572	10	10	0	0	20s	100	1	2412
r	148	623	10	10	0	0	20s	100	1	2412
r	148	639	10	10	0	0	20s	100	1	2412
r	146	664	10	10	0	0	20s	100	1	2412
r	145	684	10	10	0	0	20s	100	1	2412
r	142	700	10	10	0	0	20s	100	1	2412
r	147	720	10	10	0	0	20s	100	1	2412
r	149	734	10	10	0	0	20s	100	1	2412
r	149	736	10	10	0	0	20s	100	1	2412
r	149	719	10	10	0	0	20s	100	1	2412
r	128	742	10	10	0	0	20s	100	1	2412
r	155	744	10	10	0	0	20s	100	1	2412
r	166	742	10	10	0	0	20s	100	1	2412
r	166	719	10	10	0	0	20s	100	1	2412
r	139	712	10	10	0	0	20s	100	1	2412
r	125	734	10	10	0	0	20s	100	1	2412
r	128	753	10	10	0	0	20s	100	1	2412
r	149	755	10	10	0	0	20s	100	1	2412
r	168	756	10	10	0	0	20s	100	1	2412
r	178	753	10	10	0	0	20s	100	1	2412
r	176	739	10	10	0	0	20s	100	1	2412
r	173	725	10	10	0	0	20s	100	1	2412
r	168	716	10	10	0	0	20s	100	1	2412
r	144	709	10	10	0	0	20s	100	1	2412
r	128	715	10	10	0	0	20s	100	1	2412
r	130	712	10	10	0	0	20s	100	1	2412
r	157	703	10	10	0	0	20s	100	1	2412
r	171	709	10	10	0	0	20s	100	1	2412
r	171	719	10	10	0	0	20s	100	1	2412
r	158	741	10	10	0	0	20s	100	1	2412
r	127	739	10	10	0	0	20s	100	1	2412
r	126	740	10	10	0	0	20s	100	1	2412
r	132	760	10	10	0	0	20s	100	1	2412
r	160	741	10	10	0	0	20s	100	1	2412
r	146	728	10	10	0	0	20s	100	1	2412
r	227	723	10	10	0	0	20s	100	1	2412
r	225	736	10	10	0	0	20s	100	1	2412
r	223	745	10	10	0	0	20s	100	1	2412
r	225	742	10	10	0	0	20s	100	1	2412
r	232	709	10	10	0	0	20s	100	1	2412
r	257	731	10	10	0	0	20s	100	1	2412
r	227	741	10	10	0	0	20s	100	1	2412
r	222	744	10	10	0	0	20s	100	1	2412
r	224	750	10	10	0	0	20s	100	1	2412
r	253	728	10	10	0	0	20s	100	1	2412
r	247	725	10	10	0	0	20s	100	1	2412
r	247	737	10	10	0	0	20s	100	1	2412
r	264	743	10	10	0	0	20s	100	1	2412
r	265	744	10	10	0	0	20s	100	1	2412
r	271	738	10	10	0	0	20s	100	1	2412
r	248	704	10	10	0	0	20s	100	1	2412
r	243	705	10	10	0	0	20s	100	1	2412
r	266	705	10	10	0	0	20s	100	1	2412
r	268	720	10	10	0	0	20s	100	1	2412
r	255	733	10	10	0	0	20s	100	1	2412
r	231	673	10	10	0	0	20s	100	1	2412
r	238	640	10	10	0	0	20s	100	1	2412
r	244	624	10	10	0	0	20s	100	1	2412
r	245	637	10	10	0	0	20s	100	1	2412
r	244	676	10	10	0	0	20s	100	1	2412
r	243	696	10	10	0	0	20s	100	1	2412
r	247	649	10	10	0	0	20s	100	1	2412
r	250	597	10	10	0	0	20s	100	1	2412
r	249	545	10	10	0	0	20s	100	1	2412
r	231	547	10	10	0	0	20s	100	1	2412
r	226	564	10	10	0	0	20s	100	1	2412
r	226	574	10	10	0	0	20s	100	1	2412
r	232	587	10	10	0	0	20s	100	1	2412
r	247	567	10	10	0	0	20s	100	1	2412
r	240	553	10	10	0	0	20s	100	1	2412
r	236	575	10	10	0	0	20s	100	1	2412
r	245	572	10	10	0	0	20s	100	1	2412
r	273	558	10	10	0	0	20s	100	1	2412
r	274	558	10	10	0	0	20s	100	1	2412
r	275	552	10	10	0	0	20s	100	1	2412
r	262	546	10	10	0	0	20s	100	1	2412
r	261	566	10	10	0	0	20s	100	1	2412
r	261	579	10	10	0	0	20s	100	1	2412
r	264	584	10	10	0	0	20s	100	1	2412
r	269	589	10	10	0	0	20s	100	1	2412
r	218	571	10	10	0	0	20s	100	1	2412
r	252	546	10	10	0	0	20s	100	1	2412
r	308	567	10	10	0	0	20s	100	1	2412
r	306	561	10	10	0	0	20s	100	1	2412
r	295	563	10	10	0	0	20s	100	1	2412
r	325	560	10	10	0	0	20s	100	1	2412
r	340	556	10	10	0	0	20s	100	1	2412
r	333	542	10	10	0	0	20s	100	1	2412
r	330	567	10	10	0	0	20s	100	1	2412
r	335	578	10	10	0	0	20s	100	1	2412
r	356	575	10	10	0	0	20s	100	1	2412
r	365	556	10	10	0	0	20s	100	1	2412
r	358	544	10	10	0	0	20s	100	1	2412
r	354	554	10	10	0	0	20s	100	1	2412
r	355	568	10	10	0	0	20s	100	1	2412
r	344	568	10	10	0	0	20s	100	1	2412
r	362	575	10	10	0	0	20s	100	1	2412
r	365	581	10	10	0	0	20s	100	1	2412
r	349	590	10	10	0	0	20s	100	1	2412
r	338	589	10	10	0	0	20s	100	1	2412
r	319	591	10	10	0	0	20s	100	1	2412
r	347	595	10	10	0	0	20s	100	1	2412
r	368	590	10	10	0	0	20s	100	1	2412
r	368	578	10	10	0	0	20s	100	1	2412
r	365	569	10	10	0	0	20s	100	1	2412
r	321	557	10	10	0	0	20s	100	1	2412
r	338	542	10	10	0	0	20s	100	1	2412
r	368	543	10	10	0	0	20s	100	1	2412
r	372	552	10	10	0	0	20s	100	1	2412
r	360	571	10	10	0	0	20s	100	1	2412
r	316	632	10	10	0	0	20s	100	1	2412
r	309	633	10	10	0	0	20s	100	1	2412
r	301	632	10	10	0	0	20s	100	1	2412
r	300	637	10	10	0	0	20s	100	1	2412
r	297	641	10	10	0	0	20s	100	1	2412
r	311	607	10	10	0	0	20s	100	1	2412
r	308	618	10	10	0	0	20s	100	1	2412
r	298	639	10	10	0	0	20s	100	1	2412
r	299	648	10	10	0	0	20s	100	1	2412
r	311	655	10	10	0	0	20s	100	1	2412
r	331	652	10	10	0	0	20s	100	1	2412
r	337	629	10	10	0	0	20s	100	1	2412
r	313	624	10	10	0	0	20s	100	1	2412
r	311	641	10	10	0	0	20s	100	1	2412
r	322	633	10	10	0	0	20s	100	1	2412
r	313	646	10	10	0	0	20s	100	1	2412
r	303	663	10	10	0	0	20s	100	1	2412
r	299	653	10	10	0	0	20s	100	1	2412
r	295	626	10	10	0	0	20s	100	1	2412
r	299	609	10	10	0	0	20s	100	1	2412
r	298	630	10	10	0	0	20s	100	1	2412
r	303	660	10	10	0	0	20s	100	1	2412
r	341	650	10	10	0	0	20s	100	1	2412
r	333	611	10	10	0	0	20s	100	1	2412
r	330	612	10	10	0	0	20s	100	1	2412
r	336	642	10	10	0	0	20s	100	1	2412
r	327	652	10	10	0	0	20s	100	1	2412
r	349	627	10	10	0	0	20s	100	1	2412
r	346	623	10	10	0	0	20s	100	1	2412
r	349	648	10	10	0	0	20s	100	1	2412
r	345	665	10	10	0	0	20s	100	1	2412
r	327	669	10	10	0	0	20s	100	1	2412
r	317	665	10	10	0	0	20s	100	1	2412
r	321	685	10	10	0	0	20s	100	1	2412
r	321	709	10	10	0	0	20s	100	1	2412
r	321	721	10	10	0	0	20s	100	1	2412
r	319	734	10	10	0	0	20s	100	1	2412
r	320	767	10	10	0	0	20s	100	1	2412
r	319	785	10	10	0	0	20s	100	1	2412
r	320	787	10	10	0	0	20s	100	1	2412
r	405	626	10	10	0	0	20s	100	1	2412
r	363	630	10	10	0	0	20s	100	1	2412
r	356	632	10	10	0	0	20s	100	1	2412
r	371	645	10	10	0	0	20s	100	1	2412
r	400	637	10	10	0	0	20s	100	1	2412
r	407	635	10	10	0	0	20s	100	1	2412
r	436	615	10	10	0	0	20s	100	1	2412
r	397	642	10	10	0	0	20s	100	1	2412
r	425	648	10	10	0	0	20s	100	1	2412
r	431	626	10	10	0	0	20s	100	1	2412
r	415	624	10	10	0	0	20s	100	1	2412
r	409	640	10	10	0	0	20s	100	1	2412
r	414	650	10	10	0	0	20s	100	1	2412
r	392	653	10	10	0	0	20s	100	1	2412
r	407	661	10	10	0	0	20s	100	1	2412
r	419	654	10	10	0	0	20s	100	1	2412
r	430	648	10	10	0	0	20s	100	1	2412
r	406	617	10	10	0	0	20s	100	1	2412
r	400	610	10	10	0	0	20s	100	1	2412
r	433	618	10	10	0	0	20s	100	1	2412
r	441	633	10	10	0	0	20s	100	1	2412
r	440	647	10	10	0	0	20s	100	1	2412
r	433	645	10	10	0	0	20s	100	1	2412
r	443	665	10	10	0	0	20s	100	1	2412
r	420	444	10	10	0	0	20s	100	1	2412
r	426	502	10	10	0	0	20s	100	1	2412
r	423	520	10	10	0	0	20s	100	1	2412
r	422	549	10	10	0	0	20s	100	1	2412
r	423	582	10	10	0	0	20s	100	1	2412
r	423	596	10	10	0	0	20s	100	1	2412
r	412	486	10	10	0	0	20s	100	1	2412
r	416	482	10	10	0	0	20s	100	1	2412
r	415	519	10	10	0	0	20s	100	1	2412
r	346	402	10	10	0	0	20s	100	1	2412
r	347	431	10	10	0	0	20s	100	1	2412
r	347	451	10	10	0	0	20s	100	1	2412
r	347	474	10	10	0	0	20s	100	1	2412
r	345	520	10	10	0	0	20s	100	1	2412
r	347	522	10	10	0	0	20s	100	1	2412
r	354	470	10	10	0	0	20s	100	1	2412
r	351	438	10	10	0	0	20s	100	1	2412
r	351	408	10	10	0	0	20s	100	1	2412
r	351	404	10	10	0	0	20s	100	1	2412
r	350	476	10	10	0	0	20s	100	1	2412
r	350	504	10	10	0	0	20s	100	1	2412
r	350	511	10	10	0	0	20s	100	1	2412
r	355	527	10	10	0	0	20s	100	1	2412
r	422	435	10	10	0	0	20s	100	1	2412
r	404	424	10	10	0	0	20s	100	1	2412
r	400	431	10	10	0	0	20s	100	1	2412
r	422	420	10	10	0	0	20s	100	1	2412
r	444	437	10	10	0	0	20s	100	1	2412
r	427	445	10	10	0	0	20s	100	1	2412
r	399	447	10	10	0	0	20s	100	1	2412
r	408	435	10	10	0	0	20s	100	1	2412
r	432	406	10	10	0	0	20s	100	1	2412
r	442	416	10	10	0	0	20s	100	1	2412
r	441	426	10	10	0	0	20s	100	1	2412
r	437	437	10	10	0	0	20s	100	1	2412
r	589	438	10	10	0	0	20s	100	1	2412
r	560	437	10	10	0	0	20s	100	1	2412
r	546	438	10	10	0	0	20s	100	1	2412
r	519	439	10	10	0	0	20s	100	1	2412
r	476	438	10	10	0	0	20s	100	1	2412
r	455	437	10	10	0	0	20s	100	1	2412
r	456	436	10	10	0	0	20s	100	1	2412
r	546	436	10	10	0	0	20s	100	1	2412
r	550	436	10	10	0	0	20s	100	1	2412
r	505	432	10	10	0	0	20s	100	1	2412
r	483	429	10	10	0	0	20s	100	1	2412
r	544	432	10	10	0	0	20s	100	1	2412
r	565	431	10	10	0	0	20s	100	1	2412
r	596	431	10	10	0	0	20s	100	1	2412
r	575	409	10	10	0	0	20s	100	1	2412
r	582	423	10	10	0	0	20s	100	1	2412
r	587	436	10	10	0	0	20s	100	1	2412
r	587	441	10	10	0	0	20s	100	1	2412
r	584	460	10	10	0	0	20s	100	1	2412
r	587	463	10	10	0	0	20s	100	1	2412
r	602	462	10	10	0	0	20s	100	1	2412
r	614	461	10	10	0	0	20s	100	1	2412
r	642	453	10	10	0	0	20s	100	1	2412
r	641	433	10	10	0	0	20s	100	1	2412
r	633	427	10	10	0	0	20s	100	1	2412
r	606	429	10	10	0	0	20s	100	1	2412
r	605	446	10	10	0	0	20s	100	1	2412
r	631	449	10	10	0	0	20s	100	1	2412
r	633	434	10	10	0	0	20s	100	1	2412
r	627	423	10	10	0	0	20s	100	1	2412
r	613	417	10	10	0	0	20s	100	1	2412
r	599	408	10	10	0	0	20s	100	1	2412
r	613	417	10	10	0	0	20s	100	1	2412
r	626	418	10	10	0	0	20s	100	1	2412
r	586	412	10	10	0	0	20s	100	1	2412
r	627	418	10	10	0	0	20s	100	1	2412
r	635	419	10	10	0	0	20s	100	1	2412
r	594	381	10	10	0	0	20s	100	1	2412
r	602	371	10	10	0	0	20s	100	1	2412
r	599	345	10	10	0	0	20s	100	1	2412
r	598	325	10	10	0	0	20s	100	1	2412
r	598	317	10	10	0	0	20s	100	1	2412
r	593	349	10	10	0	0	20s	100	1	2412
r	592	363	10	10	0	0	20s	100	1	2412
r	611	354	10	10	0	0	20s	100	1	2412
r	618	332	10	10	0	0	20s	100	1	2412
r	617	356	10	10	0	0	20s	100	1	2412
r	624	360	10	10	0	0	20s	100	1	2412
r	635	323	10	10	0	0	20s	100	1	2412
r	634	347	10	10	0	0	20s	100	1	2412
r	638	353	10	10	0	0	20s	100	1	2412
r	668	349	10	10	0	0	20s	100	1	2412
r	693	347	10	10	0	0	20s	100	1	2412
r	712	350	10	10	0	0	20s	100	1	2412
r	729	352	10	10	0	0	20s	100	1	2412
r	722	351	10	10	0	0	20s	100	1	2412
r	662	348	10	10	0	0	20s	100	1	2412
r	683	352	10	10	0	0	20s	100	1	2412
r	704	350	10	10	0	0	20s	100	1	2412
r	699	353	10	10	0	0	20s	100	1	2412
r	682	353	10	10	0	0	20s	100	1	2412
r	757	329	10	10	0	0	20s	100	1	2412
r	729	326	10	10	0	0	20s	100	1	2412
r	725	342	10	10	0	0	20s	100	1	2412
r	736	369	10	10	0	0	20s	100	1	2412
r	741	372	10	10	0	0	20s	100	1	2412
r	763	369	10	10	0	0	20s	100	1	2412
r	768	355	10	10	0	0	20s	100	1	2412
r	757	342	10	10	0	0	20s	100	1	2412
r	750	339	10	10	0	0	20s	100	1	2412
r	756	333	10	10	0	0	20s	100	1	2412
r	778	332	10	10	0	0	20s	100	1	2412
r	746	318	10	10	0	0	20s	100	1	2412
r	742	319	10	10	0	0	20s	100	1	2412
r	733	336	10	10	0	0	20s	100	1	2412
r	744	352	10	10	0	0	20s	100	1	2412
r	761	350	10	10	0	0	20s	100	1	2412
r	770	340	10	10	0	0	20s	100	1	2412
r	770	338	10	10	0	0	20s	100	1	2412
r	762	315	10	10	0	0	20s	100	1	2412
r	734	315	10	10	0	0	20s	100	1	2412
r	728	317	10	10	0	0	20s	100	1	2412
r	726	357	10	10	0	0	20s	100	1	2412
r	726	364	10	10	0	0	20s	100	1	2412
r	726	374	10	10	0	0	20s	100	1	2412
r	760	373	10	10	0	0	20s	100	1	2412
r	762	371	10	10	0	0	20s	100	1	2412
r	769	369	10	10	0	0	20s	100	1	2412
r	775	355	10	10	0	0	20s	100	1	2412
r	773	327	10	10	0	0	20s	100	1	2412
r	769	319	10	10	0	0	20s	100	1	2412
r	663	444	10	10	0	0	20s	100	1	2412
r	707	440	10	10	0	0	20s	100	1	2412
r	746	438	10	10	0	0	20s	100	1	2412
r	772	437	10	10	0	0	20s	100	1	2412
r	715	428	10	10	0	0	20s	100	1	2412
r	662	429	10	10	0	0	20s	100	1	2412
r	692	547	10	10	0	0	20s	100	1	2412
r	637	540	10	10	0	0	20s	100	1	2412
r	609	537	10	10	0	0	20s	100	1	2412
r	553	538	10	10	0	0	20s	100	1	2412
r	521	537	10	10	0	0	20s	100	1	2412
r	500	532	10	10	0	0	20s	100	1	2412
r	492	521	10	10	0	0	20s	100	1	2412
r	488	537	10	10	0	0	20s	100	1	2412
r	486	547	10	10	0	0	20s	100	1	2412
r	475	515	10	10	0	0	20s	100	1	2412
r	506	520	10	10	0	0	20s	100	1	2412
r	497	528	10	10	0	0	20s	100	1	2412
r	808	542	10	10	0	0	20s	100	1	2412
r	816	532	10	10	0	0	20s	100	1	2412
r	812	515	10	10	0	0	20s	100	1	2412
r	807	521	10	10	0	0	20s	100	1	2412
r	815	465	10	10	0	0	20s	100	1	2412
r	815	438	10	10	0	0	20s	100	1	2412
r	804	418	10	10	0	0	20s	100	1	2412
r	794	436	10	10	0	0	20s	100	1	2412
r	795	446	10	10	0	0	20s	100	1	2412
r	809	447	10	10	0	0	20s	100	1	2412
r	820	444	10	10	0	0	20s	100	1	2412
r	815	450	10	10	0	0	20s	100	1	2412
r	792	451	10	10	0	0	20s	100	1	2412
r	787	461	10	10	0	0	20s	100	1	2412
r	803	467	10	10	0	0	20s	100	1	2412
r	829	459	10	10	0	0	20s	100	1	2412
r	832	456	10	10	0	0	20s	100	1	2412
r	834	435	10	10	0	0	20s	100	1	2412
r	834	419	10	10	0	0	20s	100	1	2412
r	825	409	10	10	0	0	20s	100	1	2412
r	805	409	10	10	0	0	20s	100	1	2412
r	792	409	10	10	0	0	20s	100	1	2412
r	787	423	10	10	0	0	20s	100	1	2412
r	798	447	10	10	0	0	20s	100	1	2412
r	821	430	10	10	0	0	20s	100	1	2412
r	806	415	10	10	0	0	20s	100	1	2412
r	804	416	10	10	0	0	20s	100	1	2412
r	833	412	10	10	0	0	20s	100	1	2412
r	825	428	10	10	0	0	20s	100	1	2412
r	813	425	10	10	0	0	20s	100	1	2412
r	795	419	10	10	0	0	20s	100	1	2412
r	830	410	10	10	0	0	20s	100	1	2412
r	840	442	10	10	0	0	20s	100	1	2412
r	925	447	10	10	0	0	20s	100	1	2412
r	894	451	10	10	0	0	20s	100	1	2412
r	891	466	10	10	0	0	20s	100	1	2412
r	891	474	10	10	0	0	20s	100	1	2412
r	898	484	10	10	0	0	20s	100	1	2412
r	936	476	10	10	0	0	20s	100	1	2412
r	939	472	10	10	0	0	20s	100	1	2412
r	908	464	10	10	0	0	20s	100	1	2412
r	890	459	10	10	0	0	20s	100	1	2412
r	905	456	10	10	0	0	20s	100	1	2412
r	915	479	10	10	0	0	20s	100	1	2412
r	933	479	10	10	0	0	20s	100	1	2412
r	938	475	10	10	0	0	20s	100	1	2412
r	911	455	10	10	0	0	20s	100	1	2412
r	897	433	10	10	0	0	20s	100	1	2412
r	890	434	10	10	0	0	20s	100	1	2412
r	887	447	10	10	0	0	20s	100	1	2412
r	891	448	10	10	0	0	20s	100	1	2412
r	907	437	10	10	0	0	20s	100	1	2412
r	914	434	10	10	0	0	20s	100	1	2412
r	923	433	10	10	0	0	20s	100	1	2412
r	930	436	10	10	0	0	20s	100	1	2412
r	938	452	10	10	0	0	20s	100	1	2412
r	935	464	10	10	0	0	20s	100	1	2412
r	919	466	10	10	0	0	20s	100	1	2412
r	928	458	10	10	0	0	20s	100	1	2412
r	940	436	10	10	0	0	20s	100	1	2412
r	927	347	10	10	0	0	20s	100	1	2412
r	894	349	10	10	0	0	20s	100	1	2412
r	891	367	10	10	0	0	20s	100	1	2412
r	894	378	10	10	0	0	20s	100	1	2412
r	912	382	10	10	0	0	20s	100	1	2412
r	935	377	10	10	0	0	20s	100	1	2412
r	936	370	10	10	0	0	20s	100	1	2412
r	912	355	10	10	0	0	20s	100	1	2412
r	904	354	10	10	0	0	20s	100	1	2412
r	922	359	10	10	0	0	20s	100	1	2412
r	936	360	10	10	0	0	20s	100	1	2412
r	936	354	10	10	0	0	20s	100	1	2412
r	933	339	10	10	0	0	20s	100	1	2412
r	932	336	10	10	0	0	20s	100	1	2412
r	903	332	10	10	0	0	20s	100	1	2412
r	900	338	10	10	0	0	20s	100	1	2412
r	951	333	10	10	0	0	20s	100	1	2412
r	949	335	10	10	0	0	20s	100	1	2412
r	928	361	10	10	0	0	20s	100	1	2412
r	901	370	10	10	0	0	20s	100	1	2412
r	994	452	10	10	0	0	20s	100	1	2412
r	972	456	10	10	0	0	20s	100	1	2412
r	965	458	10	10	0	0	20s	100	1	2412
r	1026	461	10	10	0	0	20s	100	1	2412
r	1043	454	10	10	0	0	20s	100	1	2412
r	1060	445	10	10	0	0	20s	100	1	2412
r	1051	431	10	10	0	0	20s	100	1	2412
r	1046	432	10	10	0	0	20s	100	1	2412
r	1037	448	10	10	0	0	20s	100	1	2412
r	1035	462	10	10	0	0	20s	100	1	2412
r	1038	476	10	10	0	0	20s	100	1	2412
r	1058	482	10	10	0	0	20s	100	1	2412
r	1072	470	10	10	0	0	20s	100	1	2412
r	1076	450	10	10	0	0	20s	100	1	2412
r	1059	446	10	10	0	0	20s	100	1	2412
r	1054	474	10	10	0	0	20s	100	1	2412
r	1080	463	10	10	0	0	20s	100	1	2412
r	1081	445	10	10	0	0	20s	100	1	2412
r	1129	458	10	10	0	0	20s	100	1	2412
r	1133	457	10	10	0	0	20s	100	1	2412
r	1119	458	10	10	0	0	20s	100	1	2412
r	1157	440	10	10	0	0	20s	100	1	2412
r	1139	460	10	10	0	0	20s	100	1	2412
r	1147	476	10	10	0	0	20s	100	1	2412
r	1183	472	10	10	0	0	20s	100	1	2412
r	1162	448	10	10	0	0	20s	100	1	2412
r	1154	453	10	10	0	0	20s	100	1	2412
r	1047	450	10	10	0	0	20s	100	1	2412
r	1052	442	10	10	0	0	20s	100	1	2412
r	1058	396	10	10	0	0	20s	100	1	2412
r	1051	370	10	10	0	0	20s	100	1	2412
r	1043	344	10	10	0	0	20s	100	1	2412
r	1037	341	10	10	0	0	20s	100	1	2412
r	1035	346	10	10	0	0	20s	100	1	2412
r	1036	356	10	10	0	0	20s	100	1	2412
r	1038	360	10	10	0	0	20s	100	1	2412
r	1032	369	10	10	0	0	20s	100	1	2412
r	1029	378	10	10	0	0	20s	100	1	2412
r	1042	384	10	10	0	0	20s	100	1	2412
r	1054	383	10	10	0	0	20s	100	1	2412
r	1061	372	10	10	0	0	20s	100	1	2412
r	1056	351	10	10	0	0	20s	100	1	2412
r	1050	340	10	10	0	0	20s	100	1	2412
r	1039	331	10	10	0	0	20s	100	1	2412
r	1048	331	10	10	0	0	20s	100	1	2412
r	1063	334	10	10	0	0	20s	100	1	2412
r	1069	348	10	10	0	0	20s	100	1	2412
r	1052	359	10	10	0	0	20s	100	1	2412
r	1058	360	10	10	0	0	20s	100	1	2412
r	1075	360	10	10	0	0	20s	100	1	2412
r	1075	384	10	10	0	0	20s	100	1	2412
r	1041	361	10	10	0	0	20s	100	1	2412
r	983	351	10	10	0	0	20s	100	1	2412
r	954	354	10	10	0	0	20s	100	1	2412
r	935	354	10	10	0	0	20s	100	1	2412
r	1005	360	10	10	0	0	20s	100	1	2412
r	1011	359	10	10	0	0	20s	100	1	2412
r	991	358	10	10	0	0	20s	100	1	2412
r	1077	452	10	10	0	0	20s	100	1	2412
r	1121	454	10	10	0	0	20s	100	1	2412
r	1136	447	10	10	0	0	20s	100	1	2412
r	1155	431	10	10	0	0	20s	100	1	2412
r	1139	450	10	10	0	0	20s	100	1	2412
r	1158	479	10	10	0	0	20s	100	1	2412
r	1176	474	10	10	0	0	20s	100	1	2412
r	1179	470	10	10	0	0	20s	100	1	2412
r	1157	500	10	10	0	0	20s	100	1	2412
r	1162	527	10	10	0	0	20s	100	1	2412
r	1163	539	10	10	0	0	20s	100	1	2412
r	1162	548	10	10	0	0	20s	100	1	2412
r	1159	554	10	10	0	0	20s	100	1	2412
r	1158	571	10	10	0	0	20s	100	1	2412
r	1158	589	10	10	0	0	20s	100	1	2412
r	1158	613	10	10	0	0	20s	100	1	2412
r	1155	638	10	10	0	0	20s	100	1	2412
r	1151	672	10	10	0	0	20s	100	1	2412
r	1150	695	10	10	0	0	20s	100	1	2412
r	1148	722	10	10	0	0	20s	100	1	2412
r	1147	744	10	10	0	0	20s	100	1	2412
r	1131	744	10	10	0	0	20s	100	1	2412
r	1138	763	10	10	0	0	20s	100	1	2412
r	1156	771	10	10	0	0	20s	100	1	2412
r	1167	762	10	10	0	0	20s	100	1	2412
r	1176	735	10	10	0	0	20s	100	1	2412
r	1170	723	10	10	0	0	20s	100	1	2412
r	1159	744	10	10	0	0	20s	100	1	2412
r	1171	758	10	10	0	0	20s	100	1	2412
r	1198	753	10	10	0	0	20s	100	1	2412
r	1233	725	10	10	0	0	20s	100	1	2412
r	1218	728	10	10	0	0	20s	100	1	2412
r	1208	758	10	10	0	0	20s	100	1	2412
r	1225	778	10	10	0	0	20s	100	1	2412
r	1256	768	10	10	0	0	20s	100	1	2412
r	1260	758	10	10	0	0	20s	100	1	2412
r	1230	742	10	10	0	0	20s	100	1	2412
r	1224	729	10	10	0	0	20s	100	1	2412
r	1232	678	10	10	0	0	20s	100	1	2412
r	1228	650	10	10	0	0	20s	100	1	2412
r	1223	625	10	10	0	0	20s	100	1	2412
r	1223	603	10	10	0	0	20s	100	1	2412
r	1226	591	10	10	0	0	20s	100	1	2412
r	1228	571	10	10	0	0	20s	100	1	2412
r	1221	553	10	10	0	0	20s	100	1	2412
r	1211	549	10	10	0	0	20s	100	1	2412
r	1216	536	10	10	0	0	20s	100	1	2412
r	1228	530	10	10	0	0	20s	100	1	2412
r	1238	535	10	10	0	0	20s	100	1	2412
r	1233	556	10	10	0	0	20s	100	1	2412
r	1242	529	10	10	0	0	20s	100	1	2412
r	1259	536	10	10	0	0	20s	100	1	2412
r	1252	564	10	10	0	0	20s	100	1	2412
r	1242	566	10	10	0	0	20s	100	1	2412
r	1234	537	10	10	0	0	20s	100	1	2412
r	1239	521	10	10	0	0	20s	100	1	2412
r	1225	410	10	10	0	0	20s	100	1	2412
r	1228	446	10	10	0	0	20s	100	1	2412
r	1231	459	10	10	0	0	20s	100	1	2412
r	1234	512	10	10	0	0	20s	100	1	2412
r	1236	514	10	10	0	0	20s	100	1	2412
r	1235	487	10	10	0	0	20s	100	1	2412
r	1233	473	10	10	0	0	20s	100	1	2412
r	1233	463	10	10	0	0	20s	100	1	2412
r	1238	448	10	10	0	0	20s	100	1	2412
r	1237	406	10	10	0	0	20s	100	1	2412
r	1238	383	10	10	0	0	20s	100	1	2412
r	1240	358	10	10	0	0	20s	100	1	2412
r	1240	331	10	10	0	0	20s	100	1	2412
r	1229	345	10	10	0	0	20s	100	1	2412
r	1225	356	10	10	0	0	20s	100	1	2412
r	1247	365	10	10	0	0	20s	100	1	2412
r	1216	351	10	10	0	0	20s	100	1	2412
r	1213	361	10	10	0	0	20s	100	1	2412
r	1238	368	10	10	0	0	20s	100	1	2412
r	1254	341	10	10	0	0	20s	100	1	2412
r	1216	328	10	10	0	0	20s	100	1	2412
r	1223	341	10	10	0	0	20s	100	1	2412
r	1158	359	10	10	0	0	20s	100	1	2412
r	1128	359	10	10	0	0	20s	100	1	2412
r	1089	355	10	10	0	0	20s	100	1	2412
r	1173	357	10	10	0	0	20s	100	1	2412
r	1176	357	10	10	0	0	20s	100	1	2412
r	1143	356	10	10	0	0	20s	100	1	2412
r	1111	354	10	10	0	0	20s	100	1	2412
r	1153	356	10	10	0	0	20s	100	1	2412
r	1147	765	10	10	0	0	20s	100	1	2412
r	1151	776	10	10	0	0	20s	100	1	2412
r	1153	793	10	10	0	0	20s	100	1	2412
r	1153	803	10	10	0	0	20s	100	1	2412
r	1154	814	10	10	0	0	20s	100	1	2412
r	1156	826	10	10	0	0	20s	100	1	2412
r	1156	842	10	10	0	0	20s	100	1	2412
r	1156	862	10	10	0	0	20s	100	1	2412
r	1155	883	10	10	0	0	20s	100	1	2412
r	1153	908	10	10	0	0	20s	100	1	2412
r	1153	932	10	10	0	0	20s	100	1	2412
r	1151	964	10	10	0	0	20s	100	1	2412
r	1142	986	10	10	0	0	20s	100	1	2412
r	1132	985	10	10	0	0	20s	100	1	2412
r	1128	1020	10	10	0	0	20s	100	1	2412
r	1131	1034	10	10	0	0	20s	100	1	2412
r	1147	1040	10	10	0	0	20s	100	1	2412
r	1166	1030	10	10	0	0	20s	100	1	2412
r	1147	1012	10	10	0	0	20s	100	1	2412
r	1163	989	10	10	0	0	20s	100	1	2412
r	1171	996	10	10	0	0	20s	100	1	2412
r	1176	1016	10	10	0	0	20s	100	1	2412
r	1160	1020	10	10	0	0	20s	100	1	2412
r	1155	1000	10	10	0	0	20s	100	1	2412
r	1169	1006	10	10	0	0	20s	100	1	2412
r	1185	1005	10	10	0	0	20s	100	1	2412
r	1166	1002	10	10	0	0	20s	100	1	2412
r	1071	1010	10	10	0	0	20s	100	1	2412
r	1029	1010	10	10	0	0	20s	100	1	2412
r	984	1013	10	10	0	0	20s	100	1	2412
r	1083	1020	10	10	0	0	20s	100	1	2412
r	1094	1020	10	10	0	0	20s	100	1	2412
r	1060	1018	10	10	0	0	20s	100	1	2412
r	1025	1019	10	10	0	0	20s	100	1	2412
r	1025	1019	10	10	0	0	20s	100	1	2412
r	1112	1019	10	10	0	0	20s	100	1	2412
r	1064	1016	10	10	0	0	20s	100	1	2412
r	990	1017	10	10	0	0	20s	100	1	2412
r	965	1002	10	10	0	0	20s	100	1	2412
r	938	1005	10	10	0	0	20s	100	1	2412
r	934	996	10	10	0	0	20s	100	1	2412
r	925	1011	10	10	0	0	20s	100	1	2412
r	925	1034	10	10	0	0	20s	100	1	2412
r	954	1041	10	10	0	0	20s	100	1	2412
r	970	1034	10	10	0	0	20s	100	1	2412
r	938	1018	10	10	0	0	20s	100	1	2412
r	932	1014	10	10	0	0	20s	100	1	2412
r	954	1024	10	10	0	0	20s	100	1	2412
r	964	1020	10	10	0	0	20s	100	1	2412
r	961	1013	10	10	0	0	20s	100	1	2412
r	944	997	10	10	0	0	20s	100	1	2412
r	936	989	10	10	0	0	20s	100	1	2412
r	950	988	10	10	0	0	20s	100	1	2412
r	975	988	10	10	0	0	20s	100	1	2412
r	976	1007	10	10	0	0	20s	100	1	2412
r	982	1032	10	10	0	0	20s	100	1	2412
r	977	1039	10	10	0	0	20s	100	1	2412
r	955	1118	10	10	0	0	20s	100	1	2412
r	942	1101	10	10	0	0	20s	100	1	2412
r	941	1097	10	10	0	0	20s	100	1	2412
r	945	1083	10	10	0	0	20s	100	1	2412
r	951	1086	10	10	0	0	20s	100	1	2412
r	953	1063	10	10	0	0	20s	100	1	2412
r	954	1100	10	10	0	0	20s	100	1	2412
r	936	1094	10	10	0	0	20s	100	1	2412
r	927	1109	10	10	0	0	20s	100	1	2412
r	941	1123	10	10	0	0	20s	100	1	2412
r	958	1109	10	10	0	0	20s	100	1	2412
r	955	1099	10	10	0	0	20s	100	1	2412
r	897	1106	10	10	0	0	20s	100	1	2412
r	873	1105	10	10	0	0	20s	100	1	2412
r	840	1106	10	10	0	0	20s	100	1	2412
r	821	1108	10	10	0	0	20s	100	1	2412
r	808	1109	10	10	0	0	20s	100	1	2412
r	791	1110	10	10	0	0	20s	100	1	2412
r	809	1138	10	10	0	0	20s	100	1	2412
r	815	1135	10	10	0	0	20s	100	1	2412
r	793	1204	10	10	0	0	20s	100	1	2412
r	790	1193	10	10	0	0	20s	100	1	2412
r	792	1225	10	10	0	0	20s	100	1	2412
r	810	1236	10	10	0	0	20s	100	1	2412
r	831	1220	10	10	0	0	20s	100	1	2412
r	831	1200	10	10	0	0	20s	100	1	2412
r	809	1187	10	10	0	0	20s	100	1	2412
r	812	1200	10	10	0	0	20s	100	1	2412
r	845	1210	10	10	0	0	20s	100	1	2412
r	831	1192	10	10	0	0	20s	100	1	2412
r	816	1144	10	10	0	0	20s	100	1	2412
r	818	1148	10	10	0	0	20s	100	1	2412
r	819	1176	10	10	0	0	20s	100	1	2412
r	826	1184	10	10	0	0	20s	100	1	2412
r	941	1201	10	10	0	0	20s	100	1	2412
r	935	1193	10	10	0	0	20s	100	1	2412
r	918	1205	10	10	0	0	20s	100	1	2412
r	924	1224	10	10	0	0	20s	100	1	2412
r	945	1226	10	10	0	0	20s	100	1	2412
r	957	1203	10	10	0	0	20s	100	1	2412
r	919	1202	10	10	0	0	20s	100	1	2412
r	877	1205	10	10	0	0	20s	100	1	2412
r	855	1208	10	10	0	0	20s	100	1	2412
r	882	1210	10	10	0	0	20s	100	1	2412
r	964	1211	10	10	0	0	20s	100	1	2412
r	1063	1210	10	10	0	0	20s	100	1	2412
r	1089	1209	10	10	0	0	20s	100	1	2412
r	1067	1210	10	10	0	0	20s	100	1	2412
r	1016	1211	10	10	0	0	20s	100	1	2412
r	995	1210	10	10	0	0	20s	100	1	2412
r	985	1209	10	10	0	0	20s	100	1	2412
r	1096	1212	10	10	0	0	20s	100	1	2412
r	1101	1215	10	10	0	0	20s	100	1	2412
r	1079	1232	10	10	0	0	20s	100	1	2412
r	1076	1234	10	10	0	0	20s	100	1	2412
r	1083	1192	10	10	0	0	20s	100	1	2412
r	1094	1199	10	10	0	0	20s	100	1	2412
r	1111	1217	10	10	0	0	20s	100	1	2412
r	1113	1224	10	10	0	0	20s	100	1	2412
r	1080	1228	10	10	0	0	20s	100	1	2412
r	1089	1186	10	10	0	0	20s	100	1	2412
r	1092	1170	10	10	0	0	20s	100	1	2412
r	1094	1155	10	10	0	0	20s	100	1	2412
r	1095	1142	10	10	0	0	20s	100	1	2412
r	1091	1121	10	10	0	0	20s	100	1	2412
r	1081	1113	10	10	0	0	20s	100	1	2412
r	1076	1104	10	10	0	0	20s	100	1	2412
r	1076	1080	10	10	0	0	20s	100	1	2412
r	1085	1092	10	10	0	0	20s	100	1	2412
r	1106	1103	10	10	0	0	20s	100	1	2412
r	1085	1107	10	10	0	0	20s	100	1	2412
r	1104	1083	10	10	0	0	20s	100	1	2412
r	1112	1085	10	10	0	0	20s	100	1	2412
r	1111	1096	10	10	0	0	20s	100	1	2412
r	1072	1119	10	10	0	0	20s	100	1	2412
r	1080	1134	10	10	0	0	20s	100	1	2412
r	1111	1131	10	10	0	0	20s	100	1	2412
r	1121	1114	10	10	0	0	20s	100	1	2412
r	1123	1109	10	10	0	0	20s	100	1	2412
r	990	1294	10	10	0	0	20s	100	1	2412
r	959	1292	10	10	0	0	20s	100	1	2412
r	931	1289	10	10	0	0	20s	100	1	2412
r	917	1297	10	10	0	0	20s	100	1	2412
r	920	1318	10	10	0	0	20s	100	1	2412
r	932	1320	10	10	0	0	20s	100	1	2412
r	944	1314	10	10	0	0	20s	100	1	2412
r	944	1300	10	10	0	0	20s	100	1	2412
r	921	1300	10	10	0	0	20s	100	1	2412
r	912	1310	10	10	0	0	20s	100	1	2412
r	1021	1301	10	10	0	0	20s	100	1	2412
r	1056	1302	10	10	0	0	20s	100	1	2412
r	1071	1302	10	10	0	0	20s	100	1	2412
r	1030	1298	10	10	0	0	20s	100	1	2412
r	976	1299	10	10	0	0	20s	100	1	2412
r	995	1302	10	10	0	0	20s	100	1	2412
r	1125	1303	10	10	0	0	20s	100	1	2412
r	1134	1310	10	10	0	0	20s	100	1	2412
r	1080	1534	10	10	0	0	20s	100	1	2412
r	1146	1302	10	10	0	0	20s	100	1	2412
r	1077	1291	10	10	0	0	20s	100	1	2412
r	1075	1291	10	10	0	0	20s	100	1	2412
r	1129	1304	10	10	0	0	20s	100	1	2412
r	1139	1303	10	10	0	0	20s	100	1	2412
r	1104	1301	10	10	0	0	20s	100	1	2412
r	1110	1301	10	10	0	0	20s	100	1	2412
r	1197	1301	10	10	0	0	20s	100	1	2412
r	1246	1299	10	10	0	0	20s	100	1	2412
r	1286	1296	10	10	0	0	20s	100	1	2412
r	1336	1295	10	10	0	0	20s	100	1	2412
r	1376	1297	10	10	0	0	20s	100	1	2412
r	1397	1299	10	10	0	0	20s	100	1	2412
r	1400	1312	10	10	0	0	20s	100	1	2412
r	1450	1307	10	10	0	0	20s	100	1	2412
r	1451	1299	10	10	0	0	20s	100	1	2412
r	1422	1282	10	10	0	0	20s	100	1	2412
r	1420	1313	10	10	0	0	20s	100	1	2412
r	1425	1326	10	10	0	0	20s	100	1	2412
r	1452	1313	10	10	0	0	20s	100	1	2412
r	1455	1310	10	10	0	0	20s	100	1	2412
r	1460	1286	10	10	0	0	20s	100	1	2412
r	1459	1282	10	10	0	0	20s	100	1	2412
r	1318	1195	10	10	0	0	20s	100	1	2412
r	1317	1210	10	10	0	0	20s	100	1	2412
r	1321	1223	10	10	0	0	20s	100	1	2412
r	1336	1232	10	10	0	0	20s	100	1	2412
r	1356	1233	10	10	0	0	20s	100	1	2412
r	1352	1201	10	10	0	0	20s	100	1	2412
r	1330	1085	10	10	0	0	20s	100	1	2412
r	1331	1123	10	10	0	0	20s	100	1	2412
r	1335	1145	10	10	0	0	20s	100	1	2412
r	1338	1166	10	10	0	0	20s	100	1	2412
r	1339	1184	10	10	0	0	20s	100	1	2412
r	1274	1216	10	10	0	0	20s	100	1	2412
r	1221	1215	10	10	0	0	20s	100	1	2412
r	1183	1213	10	10	0	0	20s	100	1	2412
r	1149	1212	10	10	0	0	20s	100	1	2412
r	1134	1215	10	10	0	0	20s	100	1	2412
r	1213	1097	10	10	0	0	20s	100	1	2412
r	1215	1113	10	10	0	0	20s	100	1	2412
r	1233	1113	10	10	0	0	20s	100	1	2412
r	1255	1089	10	10	0	0	20s	100	1	2412
r	1248	1092	10	10	0	0	20s	100	1	2412
r	1240	1104	10	10	0	0	20s	100	1	2412
r	1326	1048	10	10	0	0	20s	100	1	2412
r	1314	1061	10	10	0	0	20s	100	1	2412
r	1303	1033	10	10	0	0	20s	100	1	2412
r	1319	1030	10	10	0	0	20s	100	1	2412
r	1337	1032	10	10	0	0	20s	100	1	2412
r	1328	1049	10	10	0	0	20s	100	1	2412
r	1311	1057	10	10	0	0	20s	100	1	2412
r	1356	1035	10	10	0	0	20s	100	1	2412
r	1359	1034	10	10	0	0	20s	100	1	2412
r	1442	1047	10	10	0	0	20s	100	1	2412
r	1458	1032	10	10	0	0	20s	100	1	2412
r	1448	1030	10	10	0	0	20s	100	1	2412
r	1447	1074	10	10	0	0	20s	100	1	2412
r	1452	1114	10	10	0	0	20s	100	1	2412
r	1454	1129	10	10	0	0	20s	100	1	2412
r	1446	1166	10	10	0	0	20s	100	1	2412
r	1441	1199	10	10	0	0	20s	100	1	2412
r	1442	1192	10	10	0	0	20s	100	1	2412
r	1444	1097	10	10	0	0	20s	100	1	2412
r	1434	876	10	10	0	0	20s	100	1	2412
r	1442	908	10	10	0	0	20s	100	1	2412
r	1442	936	10	10	0	0	20s	100	1	2412
r	1443	961	10	10	0	0	20s	100	1	2412
r	1443	1006	10	10	0	0	20s	100	1	2412
r	1336	966	10	10	0	0	20s	100	1	2412
r	1330	1005	10	10	0	0	20s	100	1	2412
r	1331	1011	10	10	0	0	20s	100	1	2412
r	1322	899	10	10	0	0	20s	100	1	2412
r	1312	902	10	10	0	0	20s	100	1	2412
r	1315	915	10	10	0	0	20s	100	1	2412
r	1359	922	10	10	0	0	20s	100	1	2412
r	1363	892	10	10	0	0	20s	100	1	2412
r	1338	889	10	10	0	0	20s	100	1	2412
r	1320	904	10	10	0	0	20s	100	1	2412
r	1235	913	10	10	0	0	20s	100	1	2412
r	1221	914	10	10	0	0	20s	100	1	2412
r	1211	929	10	10	0	0	20s	100	1	2412
r	1242	923	10	10	0	0	20s	100	1	2412
r	1239	889	10	10	0	0	20s	100	1	2412
r	1238	859	10	10	0	0	20s	100	1	2412
r	1238	813	10	10	0	0	20s	100	1	2412
r	1239	788	10	10	0	0	20s	100	1	2412
r	1237	788	10	10	0	0	20s	100	1	2412
r	1230	817	10	10	0	0	20s	100	1	2412
r	1230	847	10	10	0	0	20s	100	1	2412
r	1234	877	10	10	0	0	20s	100	1	2412
r	1239	927	10	10	0	0	20s	100	1	2412
r	1228	954	10	10	0	0	20s	100	1	2412
r	1227	982	10	10	0	0	20s	100	1	2412
r	1229	991	10	10	0	0	20s	100	1	2412
r	1230	1016	10	10	0	0	20s	100	1	2412
r	1232	1035	10	10	0	0	20s	100	1	2412
r	1229	1012	10	10	0	0	20s	100	1	2412
r	1230	1039	10	10	0	0	20s	100	1	2412
r	1448	692	10	10	0	0	20s	100	1	2412
r	1447	721	10	10	0	0	20s	100	1	2412
r	1449	731	10	10	0	0	20s	100	1	2412
r	1315	565	10	10	0	0	20s	100	1	2412
r	1321	589	10	10	0	0	20s	100	1	2412
r	1325	619	10	10	0	0	20s	100	1	2412
r	1334	660	10	10	0	0	20s	100	1	2412
r	1333	691	10	10	0	0	20s	100	1	2412
r	1333	780	10	10	0	0	20s	100	1	2412
r	1334	783	10	10	0	0	20s	100	1	2412
r	1338	748	10	10	0	0	20s	100	1	2412
r	1332	718	10	10	0	0	20s	100	1	2412
r	1332	713	10	10	0	0	20s	100	1	2412
r	1334	706	10	10	0	0	20s	100	1	2412
r	1296	551	10	10	0	0	20s	100	1	2412
r	1271	552	10	10	0	0	20s	100	1	2412
r	1329	547	10	10	0	0	20s	100	1	2412
r	1333	536	10	10	0	0	20s	100	1	2412
r	1314	561	10	10	0	0	20s	100	1	2412
r	1340	564	10	10	0	0	20s	100	1	2412
r	1349	554	10	10	0	0	20s	100	1	2412
r	1353	528	10	10	0	0	20s	100	1	2412
r	1321	517	10	10	0	0	20s	100	1	2412
r	1310	529	10	10	0	0	20s	100	1	2412
r	1319	552	10	10	0	0	20s	100	1	2412
r	1342	556	10	10	0	0	20s	100	1	2412
r	1355	546	10	10	0	0	20s	100	1	2412
r	1359	531	10	10	0	0	20s	100	1	2412
r	1332	489	10	10	0	0	20s	100	1	2412
r	1331	480	10	10	0	0	20s	100	1	2412
r	1336	456	10	10	0	0	20s	100	1	2412
r	1338	444	10	10	0	0	20s	100	1	2412
r	1339	416	10	10	0	0	20s	100	1	2412
r	1337	401	10	10	0	0	20s	100	1	2412
r	1317	404	10	10	0	0	20s	100	1	2412
r	1314	424	10	10	0	0	20s	100	1	2412
r	1331	421	10	10	0	0	20s	100	1	2412
r	1324	385	10	10	0	0	20s	100	1	2412
r	1339	388	10	10	0	0	20s	100	1	2412
r	1357	394	10	10	0	0	20s	100	1	2412
r	1357	415	10	10	0	0	20s	100	1	2412
r	1351	424	10	10	0	0	20s	100	1	2412
r	1336	420	10	10	0	0	20s	100	1	2412
r	1474	397	10	10	0	0	20s	100	1	2412
r	1435	387	10	10	0	0	20s	100	1	2412
r	1424	411	10	10	0	0	20s	100	1	2412
r	1423	428	10	10	0	0	20s	100	1	2412
r	1439	432	10	10	0	0	20s	100	1	2412
r	1447	429	10	10	0	0	20s	100	1	2412
r	1447	408	10	10	0	0	20s	100	1	2412
r	1464	412	10	10	0	0	20s	100	1	2412
r	1470	425	10	10	0	0	20s	100	1	2412
r	1327	295	10	10	0	0	20s	100	1	2412
r	1333	337	10	10	0	0	20s	100	1	2412
r	1335	349	10	10	0	0	20s	100	1	2412
r	1336	361	10	10	0	0	20s	100	1	2412
r	1339	284	10	10	0	0	20s	100	1	2412
r	1323	286	10	10	0	0	20s	100	1	2412
r	1309	279	10	10	0	0	20s	100	1	2412
r	1306	264	10	10	0	0	20s	100	1	2412
r	1319	248	10	10	0	0	20s	100	1	2412
r	1333	248	10	10	0	0	20s	100	1	2412
r	1345	261	10	10	0	0	20s	100	1	2412
r	1330	272	10	10	0	0	20s	100	1	2412
r	1328	267	10	10	0	0	20s	100	1	2412
r	1359	253	10	10	0	0	20s	100	1	2412
r	1360	257	10	10	0	0	20s	100	1	2412
r	1465	227	10	10	0	0	20s	100	1	2412
r	1442	259	10	10	0	0	20s	100	1	2412
r	1446	283	10	10	0	0	20s	100	1	2412
r	1449	316	10	10	0	0	20s	100	1	2412
r	1453	369	10	10	0	0	20s	100	1	2412
r	1411	170	10	10	0	0	20s	100	1	2412
r	1424	172	10	10	0	0	20s	100	1	2412
r	1418	149	10	10	0	0	20s	100	1	2412
r	1425	154	10	10	0	0	20s	100	1	2412
r	1440	170	10	10	0	0	20s	100	1	2412
r	1432	187	10	10	0	0	20s	100	1	2412
r	1431	185	10	10	0	0	20s	100	1	2412
r	1453	149	10	10	0	0	20s	100	1	2412
r	1462	164	10	10	0	0	20s	100	1	2412
r	1461	183	10	10	0	0	20s	100	1	2412
r	1450	181	10	10	0	0	20s	100	1	2412
r	1464	193	10	10	0	0	20s	100	1	2412
r	1463	193	10	10	0	0	20s	100	1	2412
r	1464	201	10	10	0	0	20s	100	1	2412
r	1465	205	10	10	0	0	20s	100	1	2412
r	1431	195	10	10	0	0	20s	100	1	2412
r	1422	200	10	10	0	0	20s	100	1	2412
r	1412	189	10	10	0	0	20s	100	1	2412
r	1433	177	10	10	0	0	20s	100	1	2412
r	1442	178	10	10	0	0	20s	100	1	2412
r	1442	170	10	10	0	0	20s	100	1	2412
r	1427	156	10	10	0	0	20s	100	1	2412
r	1471	154	10	10	0	0	20s	100	1	2412
r	1465	174	10	10	0	0	20s	100	1	2412
r	1388	175	10	10	0	0	20s	100	1	2412
r	1374	177	10	10	0	0	20s	100	1	2412
r	1352	177	10	10	0	0	20s	100	1	2412
r	1308	172	10	10	0	0	20s	100	1	2412
r	1278	170	10	10	0	0	20s	100	1	2412
r	1232	173	10	10	0	0	20s	100	1	2412
r	1188	178	10	10	0	0	20s	100	1	2412
r	1147	175	10	10	0	0	20s	100	1	2412
r	1122	154	10	10	0	0	20s	100	1	2412
r	1093	154	10	10	0	0	20s	100	1	2412
r	1077	176	10	10	0	0	20s	100	1	2412
r	1081	203	10	10	0	0	20s	100	1	2412
r	1105	207	10	10	0	0	20s	100	1	2412
r	1121	194	10	10	0	0	20s	100	1	2412
r	1100	154	10	10	0	0	20s	100	1	2412
r	1114	150	10	10	0	0	20s	100	1	2412
r	1137	159	10	10	0	0	20s	100	1	2412
r	1147	179	10	10	0	0	20s	100	1	2412
r	1133	189	10	10	0	0	20s	100	1	2412
r	677	168	10	10	0	0	20s	100	1	2412
r	677	155	10	10	0	0	20s	100	1	2412
r	664	172	10	10	0	0	20s	100	1	2412
r	669	189	10	10	0	0	20s	100	1	2412
r	665	195	10	10	0	0	20s	100	1	2412
r	685	197	10	10	0	0	20s	100	1	2412
r	697	194	10	10	0	0	20s	100	1	2412
r	683	172	10	10	0	0	20s	100	1	2412
r	659	163	10	10	0	0	20s	100	1	2412
r	662	158	10	10	0	0	20s	100	1	2412
r	664	148	10	10	0	0	20s	100	1	2412
r	691	150	10	10	0	0	20s	100	1	2412
r	706	155	10	10	0	0	20s	100	1	2412
r	710	172	10	10	0	0	20s	100	1	2412
r	703	185	10	10	0	0	20s	100	1	2412
r	679	190	10	10	0	0	20s	100	1	2412
r	655	182	10	10	0	0	20s	100	1	2412
r	676	211	10	10	0	0	20s	100	1	2412
r	674	211	10	10	0	0	20s	100	1	2412
r	671	206	10	10	0	0	20s	100	1	2412
r	712	208	10	10	0	0	20s	100	1	2412
r	714	205	10	10	0	0	20s	100	1	2412
r	680	198	10	10	0	0	20s	100	1	2412
r	648	195	10	10	0	0	20s	100	1	2412
r	681	168	10	10	0	0	20s	100	1	2412
r	694	168	10	10	0	0	20s	100	1	2412
r	698	168	10	10	0	0	20s	100	1	2412
r	704	152	10	10	0	0	20s	100	1	2412
r	702	147	10	10	0	0	20s	100	1	2412
r	677	170	10	10	0	0	20s	100	1	2412
r	704	201	10	10	0	0	20s	100	1	2412
r	698	242	10	10	0	0	20s	100	1	2412
r	691	252	10	10	0	0	20s	100	1	2412
r	663	234	10	10	0	0	20s	100	1	2412
r	664	264	10	10	0	0	20s	100	1	2412
r	669	276	10	10	0	0	20s	100	1	2412
r	680	286	10	10	0	0	20s	100	1	2412
r	708	290	10	10	0	0	20s	100	1	2412
r	708	274	10	10	0	0	20s	100	1	2412
r	709	255	10	10	0	0	20s	100	1	2412
r	712	242	10	10	0	0	20s	100	1	2412
r	711	239	10	10	0	0	20s	100	1	2412
r	670	244	10	10	0	0	20s	100	1	2412
r	656	268	10	10	0	0	20s	100	1	2412
r	653	276	10	10	0	0	20s	100	1	2412
r	659	282	10	10	0	0	20s	100	1	2412
r	680	282	10	10	0	0	20s	100	1	2412
r	698	282	10	10	0	0	20s	100	1	2412
r	704	284	10	10	0	0	20s	100	1	2412
r	711	284	10	10	0	0	20s	100	1	2412
r	716	251	10	10	0	0	20s	100	1	2412
r	694	239	10	10	0	0	20s	100	1	2412
r	882	249	10	10	0	0	20s	100	1	2412
r	891	255	10	10	0	0	20s	100	1	2412
r	891	272	10	10	0	0	20s	100	1	2412
r	897	287	10	10	0	0	20s	100	1	2412
r	900	265	10	10	0	0	20s	100	1	2412
r	928	237	10	10	0	0	20s	100	1	2412
r	943	241	10	10	0	0	20s	100	1	2412
r	936	252	10	10	0	0	20s	100	1	2412
r	914	262	10	10	0	0	20s	100	1	2412
r	912	280	10	10	0	0	20s	100	1	2412
r	933	282	10	10	0	0	20s	100	1	2412
r	933	277	10	10	0	0	20s	100	1	2412
r	900	273	10	10	0	0	20s	100	1	2412
r	909	275	10	10	0	0	20s	100	1	2412
r	928	255	10	10	0	0	20s	100	1	2412
r	925	250	10	10	0	0	20s	100	1	2412
r	934	229	10	10	0	0	20s	100	1	2412
r	903	227	10	10	0	0	20s	100	1	2412
r	888	230	10	10	0	0	20s	100	1	2412
r	882	235	10	10	0	0	20s	100	1	2412
r	918	242	10	10	0	0	20s	100	1	2412
r	917	241	10	10	0	0	20s	100	1	2412
r	905	243	10	10	0	0	20s	100	1	2412
