r	698	544	10	10	0	0	40s	100	1	6706
r	692	570	10	10	0	0	40s	100	1	6706
r	554	817	10	10	0	0	40s	100	1	6706
r	628	814	10	10	0	0	40s	100	1	6706
r	692	810	10	10	0	0	40s	100	1	6706
r	700	760	10	10	0	0	40s	100	1	6706
r	665	729	10	10	0	0	40s	100	1	6706
r	637	692	10	10	0	0	40s	100	1	6706
r	655	656	10	10	0	0	40s	100	1	6706
r	531	668	10	10	0	0	40s	100	1	6706
r	510	715	10	10	0	0	40s	100	1	6706
r	474	742	10	10	0	0	40s	100	1	6706
r	450	705	10	10	0	0	40s	100	1	6706
r	426	652	10	10	0	0	40s	100	1	6706
r	421	550	10	10	0	0	40s	100	1	6706
r	617	571	10	10	0	0	40s	100	1	6706
r	519	547	10	10	0	0	40s	100	1	6706
r	460	516	10	10	0	0	40s	100	1	6706
r	411	498	10	10	0	0	40s	100	1	6706
r	364	491	10	10	0	0	40s	100	1	6706
r	270	480	10	10	0	0	40s	100	1	6706
r	307	504	10	10	0	0	40s	100	1	6706
r	274	544	10	10	0	0	40s	100	1	6706
r	227	535	10	10	0	0	40s	100	1	6706
r	219	499	10	10	0	0	40s	100	1	6706
r	188	483	10	10	0	0	40s	100	1	6706
r	158	539	10	10	0	0	40s	100	1	6706
r	120	550	10	10	0	0	40s	100	1	6706
r	152	607	10	10	0	0	40s	100	1	6706
r	137	659	10	10	0	0	40s	100	1	6706
r	110	676	10	10	0	0	40s	100	1	6706
r	229	593	10	10	0	0	40s	100	1	6706
r	175	576	10	10	0	0	40s	100	1	6706
r	286	622	10	10	0	0	40s	100	1	6706
r	321	649	10	10	0	0	40s	100	1	6706
r	122	996	10	10	0	0	40s	100	1	6706
r	95	1093	10	10	0	0	40s	100	1	6706
r	184	1091	10	10	0	0	40s	100	1	6706
r	208	1152	10	10	0	0	40s	100	1	6706
r	200	1200	10	10	0	0	40s	100	1	6706
r	197	1259	10	10	0	0	40s	100	1	6706
r	177	1291	10	10	0	0	40s	100	1	6706
r	206	1128	10	10	0	0	40s	100	1	6706
r	136	1084	10	10	0	0	40s	100	1	6706
r	417	1003	10	10	0	0	40s	100	1	6706
r	360	1023	10	10	0	0	40s	100	1	6706
r	306	1059	10	10	0	0	40s	100	1	6706
r	367	1098	10	10	0	0	40s	100	1	6706
r	441	1105	10	10	0	0	40s	100	1	6706
r	452	1059	10	10	0	0	40s	100	1	6706
r	406	1040	10	10	0	0	40s	100	1	6706
r	480	1004	10	10	0	0	40s	100	1	6706
r	518	1016	10	10	0	0	40s	100	1	6706
r	441	955	10	10	0	0	40s	100	1	6706
r	646	948	10	10	0	0	40s	100	1	6706
r	575	983	10	10	0	0	40s	100	1	6706
r	448	792	10	10	0	0	40s	100	1	6706
r	415	774	10	10	0	0	40s	100	1	6706
r	385	884	10	10	0	0	40s	100	1	6706
r	352	847	10	10	0	0	40s	100	1	6706
r	340	816	10	10	0	0	40s	100	1	6706
r	341	789	10	10	0	0	40s	100	1	6706
r	338	776	10	10	0	0	40s	100	1	6706
r	336	721	10	10	0	0	40s	100	1	6706
r	545	762	10	10	0	0	40s	100	1	6707
r	590	764	10	10	0	0	40s	100	1	6707
r	579	748	10	10	0	0	40s	100	1	6707
r	470	768	10	10	0	0	40s	100	1	6707
r	417	605	10	10	0	0	40s	100	1	6707
r	393	528	10	10	0	0	40s	100	1	6707
r	425	519	10	10	0	0	40s	100	1	6707
r	325	477	10	10	0	0	40s	100	1	6707
r	365	533	10	10	0	0	40s	100	1	6707
r	236	570	10	10	0	0	40s	100	1	6707
r	172	537	10	10	0	0	40s	100	1	6707
r	149	497	10	10	0	0	40s	100	1	6707
r	163	703	10	10	0	0	40s	100	1	6707
r	109	739	10	10	0	0	40s	100	1	6707
r	134	1046	10	10	0	0	40s	100	1	6707
r	90	985	10	10	0	0	40s	100	1	6707
r	386	1062	10	10	0	0	40s	100	1	6707
r	449	1032	10	10	0	0	40s	100	1	6707
r	491	1062	10	10	0	0	40s	100	1	6707
r	467	1114	10	10	0	0	40s	100	1	6707
r	302	1023	10	10	0	0	40s	100	1	6707
r	336	1074	10	10	0	0	40s	100	1	6707
r	505	1363	10	10	0	0	40s	100	1	6707
r	456	1387	10	10	0	0	40s	100	1	6707
r	413	1376	10	10	0	0	40s	100	1	6707
r	689	1154	10	10	0	0	40s	100	1	6707
r	681	1087	10	10	0	0	40s	100	1	6707
r	551	1307	10	10	0	0	40s	100	1	6707
r	591	1243	10	10	0	0	40s	100	1	6707
r	644	1193	10	10	0	0	40s	100	1	6707
r	703	917	10	10	0	0	40s	100	1	6707
r	616	943	10	10	0	0	40s	100	1	6707
r	387	994	10	10	0	0	40s	100	1	6707
r	490	1099	10	10	0	0	40s	100	1	6708
r	448	1072	10	10	0	0	40s	100	1	6708
r	404	1077	10	10	0	0	40s	100	1	6708
r	359	1044	10	10	0	0	40s	100	1	6708
r	325	1025	10	10	0	0	40s	100	1	6708
r	447	990	10	10	0	0	40s	100	1	6708
r	423	1066	10	10	0	0	40s	100	1	6708
r	412	1126	10	10	0	0	40s	100	1	6708
r	386	1100	10	10	0	0	40s	100	1	6708
r	494	1052	10	10	0	0	40s	100	1	6708
r	464	1035	10	10	0	0	40s	100	1	6708
r	421	952	10	10	0	0	40s	100	1	6708
r	395	900	10	10	0	0	40s	100	1	6708
r	696	686	10	10	0	0	40s	100	1	6708
r	702	723	10	10	0	0	40s	100	1	6708
r	650	577	10	10	0	0	40s	100	1	6708
r	548	533	10	10	0	0	40s	100	1	6708
r	556	577	10	10	0	0	40s	100	1	6708
r	598	631	10	10	0	0	40s	100	1	6708
r	545	693	10	10	0	0	40s	100	1	6708
r	486	717	10	10	0	0	40s	100	1	6708
r	441	761	10	10	0	0	40s	100	1	6708
r	422	570	10	10	0	0	40s	100	1	6708
r	367	542	10	10	0	0	40s	100	1	6708
r	266	589	10	10	0	0	40s	100	1	6708
r	201	570	10	10	0	0	40s	100	1	6708
r	185	615	10	10	0	0	40s	100	1	6708
r	335	679	10	10	0	0	40s	100	1	6708
r	169	793	10	10	0	0	40s	100	1	6708
r	182	837	10	10	0	0	40s	100	1	6708
r	126	861	10	10	0	0	40s	100	1	6708
r	103	958	10	10	0	0	40s	100	1	6708
r	87	928	10	10	0	0	40s	100	1	6708
r	97	1040	10	10	0	0	40s	100	1	6708
r	333	1038	10	10	0	0	40s	100	1	6708
r	195	1217	10	10	0	0	40s	100	1	6708
r	619	1004	10	10	0	0	40s	100	1	6708
r	471	955	10	10	0	0	40s	100	1	6708
r	427	925	10	10	0	0	40s	100	1	6708
r	402	924	10	10	0	0	40s	100	1	6708
r	352	1002	10	10	0	0	40s	100	1	6708
r	325	1011	10	10	0	0	40s	100	1	6708
r	427	1042	10	10	0	0	40s	100	1	6708
r	558	906	10	10	0	0	40s	100	1	6708
r	521	932	10	10	0	0	40s	100	1	6708
r	522	819	10	10	0	0	40s	100	1	6708
r	515	797	10	10	0	0	40s	100	1	6708
r	532	737	10	10	0	0	40s	100	1	6708
r	261	505	10	10	0	0	40s	100	1	6708
r	396	511	10	10	0	0	40s	100	1	6709
r	252	514	10	10	0	0	40s	100	1	6709
r	187	509	10	10	0	0	40s	100	1	6709
r	139	731	10	10	0	0	40s	100	1	6709
r	173	1072	10	10	0	0	40s	100	1	6709
r	112	1021	10	10	0	0	40s	100	1	6709
r	389	1023	10	10	0	0	40s	100	1	6709
r	432	1124	10	10	0	0	40s	100	1	6709
r	185	1306	10	10	0	0	40s	100	1	6709
r	425	1350	10	10	0	0	40s	100	1	6709
r	699	1132	10	10	0	0	40s	100	1	6709
r	644	1058	10	10	0	0	40s	100	1	6709
r	664	927	10	10	0	0	40s	100	1	6709
r	466	968	10	10	0	0	40s	100	1	6709
r	345	1016	10	10	0	0	40s	100	1	6709
r	614	704	10	10	0	0	40s	100	1	6709
r	702	786	10	10	0	0	40s	100	1	6709
r	583	823	10	10	0	0	40s	100	1	6709
r	513	751	10	10	0	0	40s	100	1	6709
r	585	617	10	10	0	0	40s	100	1	6710
r	552	638	10	10	0	0	40s	100	1	6710
r	312	633	10	10	0	0	40s	100	1	6710
r	331	734	10	10	0	0	40s	100	1	6710
r	154	727	10	10	0	0	40s	100	1	6710
r	99	746	10	10	0	0	40s	100	1	6710
r	107	846	10	10	0	0	40s	100	1	6710
r	101	802	10	10	0	0	40s	100	1	6710
r	240	552	10	10	0	0	40s	100	1	6710
r	293	495	10	10	0	0	40s	100	1	6710
r	266	463	10	10	0	0	40s	100	1	6710
r	215	474	10	10	0	0	40s	100	1	6710
r	425	1022	10	10	0	0	40s	100	1	6710
r	351	1076	10	10	0	0	40s	100	1	6710
r	519	1041	10	10	0	0	40s	100	1	6710
r	550	1011	10	10	0	0	40s	100	1	6710
r	534	989	10	10	0	0	40s	100	1	6710
r	531	1331	10	10	0	0	40s	100	1	6710
r	468	1363	10	10	0	0	40s	100	1	6710
r	427	1396	10	10	0	0	40s	100	1	6710
r	630	982	10	10	0	0	40s	100	1	6710
r	501	964	10	10	0	0	40s	100	1	6710
r	636	665	10	10	0	0	40s	100	1	6710
r	525	528	10	10	0	0	40s	100	1	6710
r	491	526	10	10	0	0	40s	100	1	6710
r	353	502	10	10	0	0	40s	100	1	6710
r	322	531	10	10	0	0	40s	100	1	6710
r	217	608	10	10	0	0	40s	100	1	6710
r	136	571	10	10	0	0	40s	100	1	6710
r	108	1065	10	10	0	0	40s	100	1	6710
r	210	1189	10	10	0	0	40s	100	1	6710
r	182	1133	10	10	0	0	40s	100	1	6710
r	424	1095	10	10	0	0	40s	100	1	6710
r	363	845	10	10	0	0	40s	100	1	6710
r	336	761	10	10	0	0	40s	100	1	6710
r	427	692	10	10	0	0	40s	100	1	6710
r	446	672	10	10	0	0	40s	100	1	6710
r	450	732	10	10	0	0	40s	100	1	6706
r	431	987	10	10	0	0	40s	100	1	6706
r	407	968	10	10	0	0	40s	100	1	6706
r	174	803	10	10	0	0	40s	100	1	6706
r	120	695	10	10	0	0	40s	100	1	6706
r	135	522	10	10	0	0	40s	100	1	6706
r	215	501	10	10	0	0	40s	100	1	6706
r	248	552	10	10	0	0	40s	100	1	6706
r	209	556	10	10	0	0	40s	100	1	6706
r	200	548	10	10	0	0	40s	100	1	6706
r	641	912	10	10	0	0	40s	100	1	6706
r	664	1071	10	10	0	0	40s	100	1	6706
r	691	1113	10	10	0	0	40s	100	1	6706
r	698	1085	10	10	0	0	40s	100	1	6706
r	478	1095	10	10	0	0	40s	100	1	6706
r	462	1069	10	10	0	0	40s	100	1	6706
r	404	1052	10	10	0	0	40s	100	1	6706
r	371	1056	10	10	0	0	40s	100	1	6706
r	486	1381	10	10	0	0	40s	100	1	6706
r	498	1347	10	10	0	0	40s	100	1	6706
r	397	1375	10	10	0	0	40s	100	1	6706
r	166	1059	10	10	0	0	40s	100	1	6706
r	150	1091	10	10	0	0	40s	100	1	6706
r	98	1072	10	10	0	0	40s	100	1	6706
r	90	897	10	10	0	0	40s	100	1	6706
r	106	950	10	10	0	0	40s	100	1	6706
r	444	775	10	10	0	0	40s	100	1	6706
r	425	628	10	10	0	0	40s	100	1	6706
r	409	612	10	10	0	0	40s	100	1	6706
r	394	544	10	10	0	0	40s	100	1	6706
r	245	486	10	10	0	0	40s	100	1	6706
r	312	463	10	10	0	0	40s	100	1	6706
r	166	626	10	10	0	0	40s	100	1	6706
r	425	1054	10	10	0	0	40s	100	1	6706
r	613	965	10	10	0	0	40s	100	1	6706
r	671	937	10	10	0	0	40s	100	1	6706
r	688	915	10	10	0	0	40s	100	1	6706
r	671	1168	10	10	0	0	40s	100	1	6706
r	496	1399	10	10	0	0	40s	100	1	6706
r	440	1365	10	10	0	0	40s	100	1	6706
r	608	1216	10	10	0	0	40s	100	1	6706
r	570	1270	10	10	0	0	40s	100	1	6706
r	674	1139	10	10	0	0	40s	100	1	6706
r	651	1178	10	10	0	0	40s	100	1	6706
r	628	1201	10	10	0	0	40s	100	1	6706
r	645	1032	10	10	0	0	40s	100	1	6706
r	631	1046	10	10	0	0	40s	100	1	6706
r	514	1002	10	10	0	0	40s	100	1	6706
r	498	1019	10	10	0	0	40s	100	1	6706
r	397	1144	10	10	0	0	40s	100	1	6706
r	277	1037	10	10	0	0	40s	100	1	6706
r	275	1053	10	10	0	0	40s	100	1	6706
r	318	1077	10	10	0	0	40s	100	1	6706
r	444	1010	10	10	0	0	40s	100	1	6706
r	455	1009	10	10	0	0	40s	100	1	6706
r	342	706	10	10	0	0	40s	100	1	6706
r	493	768	10	10	0	0	40s	100	1	6706
r	541	725	10	10	0	0	40s	100	1	6706
r	525	706	10	10	0	0	40s	100	1	6706
r	417	667	10	10	0	0	40s	100	1	6706
r	598	554	10	10	0	0	40s	100	1	6706
r	580	527	10	10	0	0	40s	100	1	6706
r	596	543	10	10	0	0	40s	100	1	6706
r	559	630	10	10	0	0	40s	100	1	6706
r	594	623	10	10	0	0	40s	100	1	6706
r	604	665	10	10	0	0	40s	100	1	6706
r	386	786	10	10	0	0	40s	100	1	6706
r	591	806	10	10	0	0	40s	100	1	6706
r	663	813	10	10	0	0	40s	100	1	6706
r	692	939	10	10	0	0	40s	100	1	6706
r	398	567	10	10	0	0	40s	100	1	6706
r	450	544	10	10	0	0	40s	100	1	6706
r	362	475	10	10	0	0	40s	100	1	6706
r	326	464	10	10	0	0	40s	100	1	6706
r	265	443	10	10	0	0	40s	100	1	6706
r	472	814	10	10	0	0	3600s	100	1	6708
r	470	714	10	10	0	0	3600s	100	1	6708
r	512	735	10	10	0	0	3600s	100	1	6708
r	422	527	10	10	0	0	40s	100	1	6706
r	410	545	10	10	0	0	40s	100	1	6706
r	378	532	10	10	0	0	40s	100	1	6706
r	346	492	10	10	0	0	40s	100	1	6706
r	404	506	10	10	0	0	40s	100	1	6706
r	426	554	10	10	0	0	40s	100	1	6706
r	434	586	10	10	0	0	40s	100	1	6706
r	120	713	10	10	0	0	40s	100	1	6707
r	126	725	10	10	0	0	40s	100	1	6707
r	434	1051	10	10	0	0	40s	100	1	6707
r	386	1049	10	10	0	0	40s	100	1	6707
r	530	1322	10	10	0	0	40s	100	1	6707
r	548	1301	10	10	0	0	40s	100	1	6707
r	544	1411	10	10	0	0	40s	100	1	6707
r	522	1411	10	10	0	0	40s	100	1	6707
r	436	1391	10	10	0	0	40s	100	1	6707
r	196	1195	10	10	0	0	40s	100	1	6707
r	115	1067	10	10	0	0	40s	100	1	6707
r	112	1033	10	10	0	0	40s	100	1	6707
r	89	999	10	10	0	0	40s	100	1	6707
r	637	932	10	10	0	0	40s	100	1	6707
r	618	959	10	10	0	0	40s	100	1	6707
r	528	983	10	10	0	0	40s	100	1	6707
r	332	1036	10	10	0	0	40s	100	1	6707
r	340	701	10	10	0	0	40s	100	1	6707
r	324	684	10	10	0	0	40s	100	1	6707
r	599	647	10	10	0	0	40s	100	1	6707
r	667	692	10	10	0	0	40s	100	1	6707
r	682	715	10	10	0	0	40s	100	1	6707
r	557	837	10	10	0	0	40s	100	1	6707
r	532	787	10	10	0	0	40s	100	1	6707
r	399	509	10	10	0	0	40s	100	1	6708
r	367	488	10	10	0	0	40s	100	1	6708
r	278	519	10	10	0	0	40s	100	1	6708
r	137	625	10	10	0	0	40s	100	1	6708
r	192	599	10	10	0	0	40s	100	1	6708
r	155	521	10	10	0	0	40s	100	1	6708
r	109	1096	10	10	0	0	40s	100	1	6708
r	423	1109	10	10	0	0	40s	100	1	6708
r	386	1075	10	10	0	0	40s	100	1	6708
r	383	999	10	10	0	0	40s	100	1	6708
r	444	988	10	10	0	0	40s	100	1	6708
r	576	995	10	10	0	0	40s	100	1	6708
r	607	987	10	10	0	0	40s	100	1	6708
r	594	962	10	10	0	0	40s	100	1	6708
r	559	832	10	10	0	0	40s	100	1	6708
r	533	815	10	10	0	0	40s	100	1	6708
r	602	739	10	10	0	0	40s	100	1	6708
r	645	701	10	10	0	0	40s	100	1	6708
r	656	646	10	10	0	0	40s	100	1	6708
r	418	612	10	10	0	0	40s	100	1	6708
r	398	577	10	10	0	0	40s	100	1	6708
r	346	506	10	10	0	0	40s	100	1	6708
r	436	508	10	10	0	0	40s	100	1	6708
r	324	522	10	10	0	0	40s	100	1	6708
r	203	541	10	10	0	0	40s	100	1	6708
r	164	569	10	10	0	0	40s	100	1	6708
r	104	729	10	10	0	0	40s	100	1	6708
r	123	1025	10	10	0	0	40s	100	1	6708
r	348	805	10	10	0	0	40s	100	1	6708
r	313	651	10	10	0	0	40s	100	1	6708
r	300	628	10	10	0	0	40s	100	1	6708
r	292	607	10	10	0	0	40s	100	1	6708
r	521	725	10	10	0	0	40s	100	1	6708
r	422	636	10	10	0	0	40s	100	1	6708
r	390	596	10	10	0	0	40s	100	1	6708
r	340	514	10	10	0	0	40s	100	1	6708
r	369	503	10	10	0	0	40s	100	1	6708
r	420	495	10	10	0	0	40s	100	1	6708
r	671	673	10	10	0	0	40s	100	1	6708
r	192	1234	10	10	0	0	40s	100	1	6708
r	188	1107	10	10	0	0	40s	100	1	6708
r	137	1064	10	10	0	0	40s	100	1	6708
r	311	488	10	10	0	0	40s	100	1	6708
r	217	514	10	10	0	0	40s	100	1	6708
r	166	577	10	10	0	0	40s	100	1	6708
r	193	598	10	10	0	0	40s	100	1	6708
r	254	578	10	10	0	0	40s	100	1	6708
r	195	517	10	10	0	0	40s	100	1	6708
r	164	514	10	10	0	0	40s	100	1	6708
r	475	1016	10	10	0	0	40s	100	1	6706
r	451	1050	10	10	0	0	40s	100	1	6706
r	367	1046	10	10	0	0	40s	100	1	6706
r	395	1026	10	10	0	0	40s	100	1	6706
r	407	1008	10	10	0	0	40s	100	1	6706
r	431	1049	10	10	0	0	40s	100	1	6706
r	431	1051	10	10	0	0	40s	100	1	6706
r	387	1054	10	10	0	0	40s	100	1	6706
r	392	1095	10	10	0	0	40s	100	1	6706
r	438	1093	10	10	0	0	40s	100	1	6706
r	464	1087	10	10	0	0	40s	100	1	6706
r	482	1078	10	10	0	0	40s	100	1	6706
r	498	1078	10	10	0	0	40s	100	1	6706
r	507	1090	10	10	0	0	40s	100	1	6706
r	532	1053	10	10	0	0	40s	100	1	6706
r	166	1081	10	10	0	0	40s	100	1	6706
r	115	1050	10	10	0	0	40s	100	1	6706
r	619	682	10	10	0	0	40s	100	1	6706
r	658	692	10	10	0	0	40s	100	1	6706
r	491	747	10	10	0	0	40s	100	1	6706
r	467	724	10	10	0	0	40s	100	1	6706
r	532	738	10	10	0	0	40s	100	1	6706
r	419	588	10	10	0	0	40s	100	1	6706
r	389	511	10	10	0	0	40s	100	1	6706
r	317	665	10	10	0	0	40s	100	1	6706
r	216	573	10	10	0	0	40s	100	1	6706
r	140	551	10	10	0	0	40s	100	1	6706
r	230	485	10	10	0	0	40s	100	1	6706
r	232	462	10	10	0	0	40s	100	1	6706
r	483	1378	10	10	0	0	40s	100	1	6707
r	504	1378	10	10	0	0	40s	100	1	6707
r	180	1264	10	10	0	0	40s	100	1	6707
r	219	1194	10	10	0	0	40s	100	1	6707
r	207	1169	10	10	0	0	40s	100	1	6707
r	170	1099	10	10	0	0	40s	100	1	6707
r	126	1084	10	10	0	0	40s	100	1	6707
r	495	995	10	10	0	0	40s	100	1	6707
r	445	969	10	10	0	0	40s	100	1	6707
r	375	866	10	10	0	0	40s	100	1	6707
r	392	939	10	10	0	0	40s	100	1	6707
r	335	1063	10	10	0	0	40s	100	1	6707
r	310	1051	10	10	0	0	40s	100	1	6707
r	568	974	10	10	0	0	40s	100	1	6707
r	567	950	10	10	0	0	40s	100	1	6707
r	670	773	10	10	0	0	40s	100	1	6707
r	675	744	10	10	0	0	40s	100	1	6707
r	706	835	10	10	0	0	40s	100	1	6707
r	655	733	10	10	0	0	40s	100	1	6707
r	613	718	10	10	0	0	40s	100	1	6707
r	555	753	10	10	0	0	40s	100	1	6707
r	515	789	10	10	0	0	40s	100	1	6707
r	592	597	10	10	0	0	40s	100	1	6707
r	589	632	10	10	0	0	40s	100	1	6707
r	560	613	10	10	0	0	40s	100	1	6707
r	446	567	10	10	0	0	40s	100	1	6707
r	431	680	10	10	0	0	40s	100	1	6707
r	573	761	10	10	0	0	40s	100	1	6707
r	679	794	10	10	0	0	40s	100	1	6707
r	696	737	10	10	0	0	40s	100	1	6707
r	159	606	10	10	0	0	40s	100	1	6707
r	238	510	10	10	0	0	40s	100	1	6707
r	166	487	10	10	0	0	40s	100	1	6707
r	192	1278	10	10	0	0	40s	100	1	6707
r	210	1214	10	10	0	0	40s	100	1	6707
r	183	1154	10	10	0	0	40s	100	1	6707
r	145	1102	10	10	0	0	40s	100	1	6707
r	411	914	10	10	0	0	40s	100	1	6708
r	556	984	10	10	0	0	40s	100	1	6708
r	631	1009	10	10	0	0	40s	100	1	6708
r	686	774	10	10	0	0	40s	100	1	6708
r	554	782	10	10	0	0	40s	100	1	6708
r	518	767	10	10	0	0	40s	100	1	6706
r	450	499	10	10	0	0	40s	100	1	6707
r	293	517	10	10	0	0	40s	100	1	6708
r	286	458	10	10	0	0	40s	100	1	6708
r	168	591	10	10	0	0	40s	100	1	6706
r	112	577	10	10	0	0	40s	100	1	6708
r	166	552	10	10	0	0	40s	100	1	6708
r	160	740	10	10	0	0	40s	100	1	6706
r	169	687	10	10	0	0	40s	100	1	6708
r	123	676	10	10	0	0	40s	100	1	6707
r	125	647	10	10	0	0	40s	100	1	6706
r	111	883	10	10	0	0	40s	100	1	6708
r	348	825	10	10	0	0	40s	100	1	6708
r	407	940	10	10	0	0	40s	100	1	6708
r	194	1148	10	10	0	0	40s	100	1	6708
r	663	1094	10	10	0	0	40s	100	1	6707
r	679	1066	10	10	0	0	40s	100	1	6708
r	406	1095	10	10	0	0	40s	100	1	6707
r	455	1121	10	10	0	0	40s	100	1	6708
r	468	1091	10	10	0	0	40s	100	1	6707
r	481	1045	10	10	0	0	40s	100	1	6708
r	530	1028	10	10	0	0	40s	100	1	6708
r	547	920	10	10	0	0	40s	100	1	6708
r	454	941	10	10	0	0	40s	100	1	6708
r	656	753	10	10	0	0	40s	100	1	6708
r	179	1326	5	5	0	0	40s	100	1	6708
r	169	1312	5	5	0	0	40s	100	1	6707
r	188	1319	5	5	0	0	40s	100	1	6706
r	172	1350	5	5	0	0	40s	100	1	6708
r	166	1372	5	5	0	0	40s	100	1	6707
r	152	1389	5	5	0	0	40s	100	1	6706
r	123	1411	5	5	0	0	40s	100	1	6707
r	128	1430	5	5	0	0	40s	100	1	6708
r	137	1444	5	5	0	0	40s	100	1	6708
r	102	1464	5	5	0	0	40s	100	1	6707
r	90	1485	5	5	0	0	40s	100	1	6708
r	116	1463	5	5	0	0	40s	100	1	6708
r	101	1452	5	5	0	0	40s	100	1	6707
r	133	1446	5	5	0	0	40s	100	1	6708
r	108	1408	5	5	0	0	40s	100	1	6707
r	147	1403	5	5	0	0	40s	100	1	6707
r	114	986	5	5	0	0	40s	100	1	6708
r	101	1005	5	5	0	0	40s	100	1	6708
r	104	1007	5	5	0	0	40s	100	1	6708
r	128	976	5	5	0	0	40s	100	1	6708
r	563	1406	5	5	0	0	40s	100	1	6708
r	599	1406	5	5	0	0	40s	100	1	6707
r	630	1408	5	5	0	0	40s	100	1	6706
r	503	1386	5	5	0	0	40s	100	1	6707
r	463	1365	5	5	0	0	40s	100	1	6708
r	457	1384	5	5	0	0	40s	100	1	6707
r	415	1384	5	5	0	0	40s	100	1	6706
r	411	1338	5	5	0	0	40s	100	1	6708
r	427	1343	5	5	0	0	40s	100	1	6706
r	432	1369	5	5	0	0	40s	100	1	6708
r	404	1374	5	5	0	0	40s	100	1	6706
r	464	1384	5	5	0	0	40s	100	1	6707
r	480	1357	5	5	0	0	40s	100	1	6706
r	493	1357	5	5	0	0	40s	100	1	6708
r	415	1046	5	5	0	0	40s	100	1	6708
r	358	1038	5	5	0	0	40s	100	1	6708
r	328	1043	5	5	0	0	40s	100	1	6706
r	379	1094	5	5	0	0	40s	100	1	6706
r	454	1079	5	5	0	0	40s	100	1	6708
r	416	1005	5	5	0	0	40s	100	1	6706
r	365	1024	5	5	0	0	40s	100	1	6708
r	393	1065	5	5	0	0	40s	100	1	6708
r	459	1014	5	5	0	0	40s	100	1	6708
r	454	981	5	5	0	0	40s	100	1	6708
r	510	1041	5	5	0	0	40s	100	1	6708
r	389	1051	5	5	0	0	40s	100	1	6708
r	430	968	5	5	0	0	40s	100	1	6708
r	515	995	5	5	0	0	40s	100	1	6708
r	461	1024	5	5	0	0	40s	100	1	6708
r	444	963	5	5	0	0	40s	100	1	6708
r	483	1031	5	5	0	0	40s	100	1	6707
r	357	1027	5	5	0	0	40s	100	1	6706
r	321	1029	5	5	0	0	40s	100	1	6707
r	333	1077	5	5	0	0	40s	100	1	6708
r	358	1089	5	5	0	0	40s	100	1	6707
r	280	1051	5	5	0	0	40s	100	1	6708
r	398	1111	5	5	0	0	40s	100	1	6707
r	422	1128	5	5	0	0	40s	100	1	6708
r	440	1094	5	5	0	0	40s	100	1	6708
r	394	1063	5	5	0	0	40s	100	1	6708
r	428	1036	5	5	0	0	40s	100	1	6708
r	468	1072	5	5	0	0	40s	100	1	6707
r	396	1077	5	5	0	0	40s	100	1	6706
r	474	1051	5	5	0	0	40s	100	1	6706
r	510	1029	5	5	0	0	40s	100	1	6708
r	437	1005	5	5	0	0	40s	100	1	6708
r	478	1051	5	5	0	0	40s	100	1	6708
r	498	1000	5	5	0	0	40s	100	1	6708
r	478	968	5	5	0	0	40s	100	1	6708
r	527	1005	5	5	0	0	40s	100	1	6707
r	481	1000	5	5	0	0	40s	100	1	6706
r	476	1019	5	5	0	0	40s	100	1	6708
r	575	1002	5	5	0	0	40s	100	1	6708
r	573	995	5	5	0	0	40s	100	1	6706
r	236	500	5	5	0	0	40s	100	1	6708
r	208	527	5	5	0	0	40s	100	1	6706
r	207	572	5	5	0	0	40s	100	1	6708
r	203	582	5	5	0	0	40s	100	1	6706
r	147	565	5	5	0	0	40s	100	1	6708
r	177	538	5	5	0	0	40s	100	1	6706
r	212	556	5	5	0	0	40s	100	1	6708
r	184	579	5	5	0	0	40s	100	1	6708
r	150	556	5	5	0	0	40s	100	1	6708
r	218	515	5	5	0	0	40s	100	1	6708
r	254	509	5	5	0	0	40s	100	1	6708
r	236	536	5	5	0	0	40s	100	1	6708
r	236	546	5	5	0	0	40s	100	1	6708
r	268	517	5	5	0	0	40s	100	1	6708
r	285	492	5	5	0	0	40s	100	1	6708
r	295	480	5	5	0	0	40s	100	1	6708
r	295	468	5	5	0	0	40s	100	1	6708
r	247	466	5	5	0	0	40s	100	1	6708
r	210	490	5	5	0	0	40s	100	1	6708
r	184	522	5	5	0	0	40s	100	1	6708
r	205	544	5	5	0	0	40s	100	1	6708
r	273	522	5	5	0	0	40s	100	1	6707
r	275	498	5	5	0	0	40s	100	1	6708
r	212	497	5	5	0	0	40s	100	1	6707
r	160	532	5	5	0	0	40s	100	1	6706
r	164	584	5	5	0	0	40s	100	1	6707
r	189	597	5	5	0	0	40s	100	1	6708
r	268	563	5	5	0	0	40s	100	1	6708
r	664	584	5	5	0	0	40s	100	1	6707
r	659	601	5	5	0	0	40s	100	1	6708
r	664	561	5	5	0	0	40s	100	1	6708
r	693	544	5	5	0	0	40s	100	1	6708
r	684	517	5	5	0	0	40s	100	1	6707
r	643	502	5	5	0	0	40s	100	1	6708
r	633	461	5	5	0	0	40s	100	1	6708
r	638	433	5	5	0	0	40s	100	1	6708
r	631	416	5	5	0	0	40s	100	1	6707
r	604	425	5	5	0	0	40s	100	1	6708
r	625	440	5	5	0	0	40s	100	1	6708
r	631	447	5	5	0	0	40s	100	1	6707
r	635	459	5	5	0	0	40s	100	1	6708
r	616	480	5	5	0	0	40s	100	1	6708
r	626	492	5	5	0	0	40s	100	1	6708
r	620	447	5	5	0	0	40s	100	1	6708
r	643	488	5	5	0	0	40s	100	1	6708
r	647	490	5	5	0	0	40s	100	1	6707
r	647	437	5	5	0	0	40s	100	1	6708
r	643	423	5	5	0	0	40s	100	1	6706
r	620	408	5	5	0	0	40s	100	1	6708
r	616	413	5	5	0	0	40s	100	1	6708
r	631	437	5	5	0	0	40s	100	1	6708
r	637	447	5	5	0	0	40s	100	1	6708
r	654	454	5	5	0	0	40s	100	1	6708
r	650	486	5	5	0	0	40s	100	1	6708
r	386	1033	5	5	0	0	40s	100	1	6707
r	352	1034	5	5	0	0	40s	100	1	6708
r	341	1070	5	5	0	0	40s	100	1	6708
r	386	1094	5	5	0	0	40s	100	1	6707
r	416	1111	5	5	0	0	40s	100	1	6708
r	422	1128	5	5	0	0	40s	100	1	6707
r	401	1140	5	5	0	0	40s	100	1	6707
r	396	1128	5	5	0	0	40s	100	1	6708
r	413	1113	5	5	0	0	40s	100	1	6707
r	464	1099	5	5	0	0	40s	100	1	6708
r	418	1089	5	5	0	0	40s	100	1	6708
r	355	1072	5	5	0	0	40s	100	1	6707
r	336	1077	5	5	0	0	40s	100	1	6708
r	317	1079	5	5	0	0	40s	100	1	6708
r	294	1044	5	5	0	0	40s	100	1	6708
r	288	1034	5	5	0	0	40s	100	1	6706
r	295	1024	5	5	0	0	40s	100	1	6707
r	312	1017	5	5	0	0	40s	100	1	6708
r	328	1038	5	5	0	0	40s	100	1	6707
r	321	1051	5	5	0	0	40s	100	1	6708
r	367	1015	5	5	0	0	40s	100	1	6708
r	393	998	5	5	0	0	40s	100	1	6708
r	437	1007	5	5	0	0	40s	100	1	6708
r	439	1044	5	5	0	0	40s	100	1	6708
r	433	1038	5	5	0	0	40s	100	1	6708
r	410	973	5	5	0	0	40s	100	1	6708
r	403	992	5	5	0	0	40s	100	1	6707
r	427	944	5	5	0	0	40s	100	1	6708
r	432	959	5	5	0	0	40s	100	1	6707
r	418	975	5	5	0	0	40s	100	1	6706
r	415	986	5	5	0	0	40s	100	1	6708
r	451	998	5	5	0	0	40s	100	1	6707
r	481	1007	5	5	0	0	40s	100	1	6708
r	478	1034	5	5	0	0	40s	100	1	6708
r	471	1055	5	5	0	0	40s	100	1	6707
r	427	1033	5	5	0	0	40s	100	1	6708
r	512	1007	5	5	0	0	40s	100	1	6707
r	526	1062	5	5	0	0	40s	100	1	6706
r	461	1067	5	5	0	0	40s	100	1	6707
r	451	1062	5	5	0	0	40s	100	1	6708
r	439	1050	5	5	0	0	40s	100	1	6707
r	493	1053	5	5	0	0	40s	100	1	6706
r	495	1063	5	5	0	0	40s	100	1	6707
