r	85	613	10	10	0	0	10s	100	1	6700
r	140	519	10	10	0	0	10s	100	1	6700
r	188	529	10	10	0	0	10s	100	1	6700
r	243	541	10	10	0	0	10s	100	1	6700
r	217	610	10	10	0	0	10s	100	1	6700
r	200	694	10	10	0	0	10s	100	1	6700
r	212	662	10	10	0	0	10s	100	1	6700
r	123	670	10	10	0	0	10s	100	1	6700
r	77	746	10	10	0	0	10s	100	1	6700
r	57	756	10	10	0	0	10s	100	1	6700
r	83	778	10	10	0	0	10s	100	1	6700
r	89	759	10	10	0	0	10s	100	1	6700
r	144	1065	10	10	0	0	10s	100	1	6700
r	121	1018	10	10	0	0	10s	100	1	6700
r	121	983	10	10	0	0	10s	100	1	6700
r	156	949	10	10	0	0	10s	100	1	6700
r	109	944	10	10	0	0	10s	100	1	6700
r	65	959	10	10	0	0	10s	100	1	6700
r	206	914	10	10	0	0	10s	100	1	6700
r	192	833	10	10	0	0	10s	100	1	6700
r	166	808	10	10	0	0	10s	100	1	6700
r	245	773	10	10	0	0	10s	100	1	6700
r	219	741	10	10	0	0	10s	100	1	6700
r	45	635	10	10	0	0	10s	100	1	6700
r	233	583	10	10	0	0	10s	100	1	6700
r	376	628	10	10	0	0	10s	100	1	6700
r	411	675	10	10	0	0	10s	100	1	6700
r	366	771	10	10	0	0	10s	100	1	6700
r	421	739	10	10	0	0	10s	100	1	6700
r	409	707	10	10	0	0	10s	100	1	6700
r	461	623	10	10	0	0	10s	100	1	6700
r	500	608	10	10	0	0	10s	100	1	6700
r	520	578	10	10	0	0	10s	100	1	6700
r	561	554	10	10	0	0	10s	100	1	6700
r	587	526	10	10	0	0	10s	100	1	6700
r	611	526	10	10	0	0	10s	100	1	6700
r	644	526	10	10	0	0	10s	100	1	6700
r	239	1087	10	10	0	0	10s	100	1	6700
r	304	932	10	10	0	0	10s	100	1	6700
r	322	845	10	10	0	0	10s	100	1	6700
r	312	704	10	10	0	0	10s	100	1	6700
r	314	615	10	10	0	0	10s	100	1	6700
r	291	591	10	10	0	0	10s	100	1	6700
r	789	1196	10	10	0	0	10s	100	1	6700
r	793	1228	10	10	0	0	10s	100	1	6700
r	917	1107	10	10	0	0	10s	100	1	6700
r	880	1127	10	10	0	0	10s	100	1	6700
r	777	1055	10	10	0	0	10s	100	1	6700
r	795	1050	10	10	0	0	10s	100	1	6700
r	751	1028	10	10	0	0	10s	100	1	6700
r	700	983	10	10	0	0	10s	100	1	6700
r	662	983	10	10	0	0	10s	100	1	6700
r	625	887	10	10	0	0	10s	100	1	6700
r	676	867	10	10	0	0	10s	100	1	6700
r	725	825	10	10	0	0	10s	100	1	6700
r	913	830	10	10	0	0	10s	100	1	6700
r	941	798	10	10	0	0	10s	100	1	6700
r	860	764	10	10	0	0	10s	100	1	6700
r	917	746	10	10	0	0	10s	100	1	6700
r	824	516	10	10	0	0	10s	100	1	6700
r	773	526	10	10	0	0	10s	100	1	6700
r	690	549	10	10	0	0	10s	100	1	6700
r	639	699	10	10	0	0	10s	100	1	6700
r	621	803	10	10	0	0	10s	100	1	6700
r	445	976	10	10	0	0	10s	100	1	6700
r	336	1092	10	10	0	0	10s	100	1	6700
r	295	1006	10	10	0	0	10s	100	1	6700
r	210	811	10	10	0	0	10s	100	1	6701
r	45	818	10	10	0	0	10s	100	1	6701
r	144	625	10	10	0	0	10s	100	1	6701
r	136	563	10	10	0	0	10s	100	1	6701
r	569	618	10	10	0	0	10s	100	1	6701
r	749	554	10	10	0	0	10s	100	1	6701
r	727	524	10	10	0	0	10s	100	1	6701
r	858	516	10	10	0	0	10s	100	1	6701
r	672	719	10	10	0	0	10s	100	1	6701
r	635	731	10	10	0	0	10s	100	1	6701
r	577	803	10	10	0	0	10s	100	1	6701
r	451	934	10	10	0	0	10s	100	1	6701
r	261	1053	10	10	0	0	10s	100	1	6701
r	811	1028	10	10	0	0	10s	100	1	6701
r	791	981	10	10	0	0	10s	100	1	6701
r	737	941	10	10	0	0	10s	100	1	6701
r	702	902	10	10	0	0	10s	100	1	6701
r	731	875	10	10	0	0	10s	100	1	6701
r	180	734	10	10	0	0	10s	100	1	6701
r	105	714	10	10	0	0	10s	100	1	6701
r	251	566	10	10	0	0	10s	100	1	6701
r	273	566	10	10	0	0	10s	100	1	6701
r	352	610	10	10	0	0	10s	100	1	6701
r	320	640	10	10	0	0	10s	100	1	6701
r	289	682	10	10	0	0	10s	100	1	6701
r	302	759	10	10	0	0	10s	100	1	6701
r	287	904	10	10	0	0	10s	100	1	6701
r	154	833	10	10	0	0	10s	100	1	6701
r	152	754	10	10	0	0	10s	100	1	6701
r	75	820	10	10	0	0	10s	100	1	6701
r	441	1021	10	10	0	0	10s	100	1	6701
r	397	1045	10	10	0	0	10s	100	1	6701
r	285	1112	10	10	0	0	10s	100	1	6701
r	474	862	10	10	0	0	10s	100	1	6701
r	308	885	10	10	0	0	10s	100	1	6703
r	362	660	10	10	0	0	10s	100	1	6703
r	664	568	10	10	0	0	10s	100	1	6703
r	722	798	10	10	0	0	10s	100	1	6703
r	757	818	10	10	0	0	10s	100	1	6703
r	925	907	10	10	0	0	10s	100	1	6703
r	961	838	10	10	0	0	10s	100	1	6703
r	724	1216	10	10	0	0	10s	100	1	6703
r	739	1196	10	10	0	0	10s	100	1	6703
r	899	1147	10	10	0	0	10s	100	1	6703
r	846	1067	10	10	0	0	10s	100	1	6703
r	836	1011	10	10	0	0	10s	100	1	6703
r	194	1107	10	10	0	0	10s	100	1	6703
r	125	1055	10	10	0	0	10s	100	1	6703
r	87	976	10	10	0	0	10s	100	1	6703
r	156	919	10	10	0	0	10s	100	1	6703
r	346	638	10	10	0	0	10s	100	1	6703
r	599	620	10	10	0	0	10s	100	1	6703
r	639	786	10	10	0	0	10s	100	1	6703
r	459	1025	10	10	0	0	10s	100	1	6703
r	457	907	10	10	0	0	10s	100	1	6703
r	550	811	10	10	0	0	10s	100	1	6703
r	688	796	10	10	0	0	10s	100	1	6703
r	933	880	10	10	0	0	10s	100	1	6703
r	753	529	10	10	0	0	10s	100	1	6703
r	198	578	10	10	0	0	10s	100	1	6703
r	93	561	10	10	0	0	10s	100	1	6703
r	77	714	10	10	0	0	10s	100	1	6703
r	89	638	10	10	0	0	10s	100	1	6703
r	180	1141	10	10	0	0	10s	100	1	6703
r	112	958	10	10	0	0	10s	100	1	6703
r	191	724	10	10	0	0	10s	100	1	6703
r	26	678	10	10	0	0	10s	100	1	6703
r	111	692	10	10	0	0	10s	100	1	6703
r	154	601	10	10	0	0	10s	100	1	6703
r	850	533	10	10	0	0	10s	100	1	6703
r	793	513	10	10	0	0	10s	100	1	6703
r	605	657	10	10	0	0	10s	100	1	6703
r	559	595	10	10	0	0	10s	100	1	6703
r	176	1078	10	10	0	0	10s	100	1	6703
r	153	1092	10	10	0	0	10s	100	1	6703
r	147	656	10	10	0	0	10s	100	1	6703
r	66	617	10	10	0	0	10s	100	1	6704
r	66	655	10	10	0	0	10s	100	1	6704
r	210	1193	10	10	0	0	10s	100	1	6704
r	233	1173	10	10	0	0	10s	100	1	6704
r	259	1154	10	10	0	0	10s	100	1	6704
r	221	1147	10	10	0	0	10s	100	1	6704
r	540	1158	10	10	0	0	10s	100	1	6704
r	500	1187	10	10	0	0	10s	100	1	6704
r	466	1210	10	10	0	0	10s	100	1	6704
r	561	1169	10	10	0	0	10s	100	1	6704
r	936	822	10	10	0	0	10s	100	1	6704
r	804	833	10	10	0	0	10s	100	1	6704
r	658	892	10	10	0	0	10s	100	1	6704
r	218	833	10	10	0	0	10s	100	1	6704
r	213	1071	10	10	0	0	10s	100	1	6704
r	152	806	10	10	0	0	10s	100	1	6705
r	97	951	10	10	0	0	10s	100	1	6705
r	532	600	10	10	0	0	10s	100	1	6705
r	277	598	10	10	0	0	10s	100	1	6705
r	121	707	10	10	0	0	10s	100	1	6705
r	136	726	10	10	0	0	10s	100	1	6705
r	342	815	10	10	0	0	10s	100	1	6705
r	619	848	10	10	0	0	10s	100	1	6705
r	814	934	10	10	0	0	10s	100	1	6705
r	648	939	10	10	0	0	10s	100	1	6700
r	706	949	10	10	0	0	10s	100	1	6700
r	597	1171	10	10	0	0	10s	100	1	6700
r	299	966	10	10	0	0	10s	100	1	6700
r	354	791	10	10	0	0	10s	100	1	6700
r	749	798	10	10	0	0	10s	100	1	6700
r	842	791	10	10	0	0	10s	100	1	6700
r	652	907	10	10	0	0	10s	100	1	6700
r	733	899	10	10	0	0	10s	100	1	6700
r	779	941	10	10	0	0	10s	100	1	6700
r	710	1072	10	10	0	0	10s	100	1	6700
r	767	1008	10	10	0	0	10s	100	1	6700
r	816	1124	10	10	0	0	10s	100	1	6700
r	710	1198	10	10	0	0	10s	100	1	6700
r	688	1203	10	10	0	0	10s	100	1	6700
r	870	1102	10	10	0	0	10s	100	1	6700
r	840	1129	10	10	0	0	10s	100	1	6700
r	372	1077	10	10	0	0	10s	100	1	6701
r	279	1038	10	10	0	0	10s	100	1	6701
r	243	917	10	10	0	0	10s	100	1	6701
r	287	722	10	10	0	0	10s	100	1	6701
r	457	996	10	10	0	0	10s	100	1	6701
r	692	877	10	10	0	0	10s	100	1	6701
r	886	806	10	10	0	0	10s	100	1	6700
r	886	806	10	10	0	0	10s	100	1	6700
r	731	848	10	10	0	0	10s	100	1	6700
r	731	848	10	10	0	0	10s	100	1	6700
r	490	843	10	10	0	0	10s	100	1	6700
r	490	843	10	10	0	0	10s	100	1	6700
r	295	949	10	10	0	0	10s	100	1	6700
r	295	949	10	10	0	0	10s	100	1	6700
r	324	1100	10	10	0	0	10s	100	1	6700
r	324	1100	10	10	0	0	10s	100	1	6700
r	731	1189	10	10	0	0	10s	100	1	6700
r	731	1189	10	10	0	0	10s	100	1	6700
r	870	1060	10	10	0	0	10s	100	1	6700
r	870	1060	10	10	0	0	10s	100	1	6700
r	832	988	10	10	0	0	10s	100	1	6700
r	832	988	10	10	0	0	10s	100	1	6700
r	805	882	10	10	0	0	10s	100	1	6700
r	805	882	10	10	0	0	10s	100	1	6700
r	704	793	10	10	0	0	10s	100	1	6700
r	704	793	10	10	0	0	10s	100	1	6700
r	366	749	10	10	0	0	10s	100	1	6700
r	366	746	10	10	0	0	10s	100	1	6700
r	328	823	10	10	0	0	10s	100	1	6700
r	328	823	10	10	0	0	10s	100	1	6700
r	376	781	10	10	0	0	10s	100	1	6700
r	376	781	10	10	0	0	10s	100	1	6700
r	190	924	10	10	0	0	10s	100	1	6700
r	190	924	10	10	0	0	10s	100	1	6700
r	121	808	10	10	0	0	10s	100	1	6700
r	121	808	10	10	0	0	10s	100	1	6700
r	283	620	10	10	0	0	10s	100	1	6701
r	283	620	10	10	0	0	10s	100	1	6701
r	540	551	10	10	0	0	10s	100	1	6701
r	540	551	10	10	0	0	10s	100	1	6701
r	542	529	10	10	0	0	10s	100	1	6701
r	664	951	10	10	0	0	10s	100	1	6701
r	664	951	10	10	0	0	10s	100	1	6701
r	781	828	10	10	0	0	10s	100	1	6701
r	781	828	10	10	0	0	10s	100	1	6701
r	896	1095	10	10	0	0	10s	100	1	6701
r	265	1087	10	10	0	0	10s	100	1	6701
r	265	1087	10	10	0	0	10s	100	1	6701
r	176	687	10	10	0	0	10s	100	1	6701
r	178	563	10	10	0	0	10s	100	1	6701
r	393	652	10	10	0	0	10s	100	1	6701
r	688	712	10	10	0	0	10s	100	1	6701
r	245	1117	10	10	0	0	10s	100	1	6701
r	445	813	10	10	0	0	10s	100	1	6701
r	894	1119	10	10	0	0	10s	100	1	6701
r	822	815	10	10	0	0	10s	100	1	6701
r	716	549	10	10	0	0	10s	100	1	6701
r	132	914	10	10	0	0	10s	100	1	6701
r	154	783	10	10	0	0	10s	100	1	6701
r	121	571	10	10	0	0	10s	100	1	6701
r	725	964	10	10	0	0	10s	100	1	6702
r	700	843	10	10	0	0	10s	100	1	6702
r	925	949	10	10	0	0	10s	100	1	6702
r	686	1174	10	10	0	0	10s	100	1	6702
r	629	1161	10	10	0	0	10s	100	1	6702
r	478	1196	10	10	0	0	10s	100	1	6702
r	583	1164	10	10	0	0	10s	100	1	6702
r	332	667	10	10	0	0	10s	100	1	6702
r	267	761	10	10	0	0	10s	100	1	6702
r	229	811	10	10	0	0	10s	100	1	6702
r	421	778	10	10	0	0	10s	100	1	6703
r	720	922	10	10	0	0	10s	100	1	6703
r	85	1003	10	10	0	0	10s	100	1	6703
r	321	869	10	10	0	0	10s	100	1	6704
r	219	770	10	10	0	0	10s	100	1	6704
r	128	642	10	10	0	0	10s	100	1	6704
r	437	655	10	10	0	0	10s	100	1	6704
r	450	918	10	10	0	0	10s	100	1	6704
r	46	576	10	10	0	0	10s	100	1	6704
r	280	660	10	10	0	0	10s	100	1	6704
r	384	727	10	10	0	0	10s	100	1	6704
r	677	1085	10	10	0	0	10s	100	1	6704
r	656	1098	10	10	0	0	10s	100	1	6704
r	744	1235	10	10	0	0	10s	100	1	6705
r	750	1218	10	10	0	0	10s	100	1	6705
r	773	1146	10	10	0	0	10s	100	1	6705
r	756	1168	10	10	0	0	10s	100	1	6705
r	799	1131	10	10	0	0	10s	100	1	6705
r	784	1142	10	10	0	0	10s	100	1	6701
r	803	1216	10	10	0	0	10s	100	1	6701
r	842	1234	10	10	0	0	10s	100	1	6701
r	862	1219	10	10	0	0	10s	100	1	6701
r	928	932	10	10	0	0	10s	100	1	6701
r	625	668	10	10	0	0	10s	100	1	6701
r	631	761	10	10	0	0	10s	100	1	6701
r	396	728	10	10	0	0	10s	100	1	6701
r	136	939	10	10	0	0	10s	100	1	6701
r	51	846	10	10	0	0	10s	100	1	6701
r	46	743	10	10	0	0	10s	100	1	6701
r	39	658	10	10	0	0	10s	100	1	6701
r	86	545	10	10	0	0	10s	100	1	6701
r	111	559	10	10	0	0	10s	100	1	6701
r	878	521	10	10	0	0	10s	100	1	6701
r	900	513	10	10	0	0	10s	100	1	6701
r	623	708	10	10	0	0	10s	100	1	6701
r	670	620	10	10	0	0	10s	100	1	6701
r	675	540	10	10	0	0	10s	100	1	6701
r	652	504	10	10	0	0	10s	100	1	6702
r	420	645	10	10	0	0	10s	100	1	6702
r	312	590	10	10	0	0	10s	100	1	6702
r	135	591	10	10	0	0	10s	100	1	6702
r	217	537	10	10	0	0	10s	100	1	6702
r	167	534	10	10	0	0	10s	100	1	6702
r	266	700	10	10	0	0	10s	100	1	6702
r	256	796	10	10	0	0	10s	100	1	6702
r	187	803	10	10	0	0	10s	100	1	6702
r	43	783	10	10	0	0	10s	100	1	6702
r	94	803	10	10	0	0	10s	100	1	6702
r	238	1053	10	10	0	0	10s	100	1	6702
r	171	1117	10	10	0	0	10s	100	1	6702
r	136	1044	10	10	0	0	10s	100	1	6702
r	104	1005	10	10	0	0	10s	100	1	6702
r	353	1078	10	10	0	0	10s	100	1	6702
r	421	1031	10	10	0	0	10s	100	1	6702
r	590	559	10	10	0	0	10s	100	1	6702
r	618	556	10	10	0	0	10s	100	1	6702
r	343	795	10	10	0	0	10s	100	1	6702
r	477	822	10	10	0	0	10s	100	1	6702
r	461	783	10	10	0	0	10s	100	1	6702
r	523	823	10	10	0	0	10s	100	1	6702
r	457	960	10	10	0	0	10s	100	1	6702
r	643	990	10	10	0	0	10s	100	1	6702
r	691	1014	10	10	0	0	10s	100	1	6702
r	828	965	10	10	0	0	10s	100	1	6702
r	803	1011	10	10	0	0	10s	100	1	6702
r	864	1037	10	10	0	0	10s	100	1	6702
r	826	1051	10	10	0	0	10s	100	1	6702
r	945	766	10	10	0	0	10s	100	1	6702
r	881	751	10	10	0	0	10s	100	1	6702
r	718	677	10	10	0	0	10s	100	1	6702
r	656	732	10	10	0	0	10s	100	1	6702
r	438	762	10	10	0	0	10s	100	1	6702
r	322	732	10	10	0	0	10s	100	1	6702
r	290	744	10	10	0	0	10s	100	1	6702
r	498	556	10	10	0	0	10s	100	1	6702
r	496	580	10	10	0	0	10s	100	1	6702
r	474	605	10	10	0	0	10s	100	1	6702
r	517	1164	10	10	0	0	10s	100	1	6702
r	444	1212	10	10	0	0	10s	100	1	6702
r	192	1179	10	10	0	0	10s	100	1	6702
r	166	1168	10	10	0	0	10s	100	1	6702
r	226	1111	10	10	0	0	10s	100	1	6702
r	135	972	10	10	0	0	10s	100	1	6702
r	176	946	10	10	0	0	10s	100	1	6704
r	199	851	10	10	0	0	10s	100	1	6704
r	388	670	10	10	0	0	10s	100	1	6704
r	164	624	10	10	0	0	10s	100	1	6704
r	154	678	10	10	0	0	10s	100	1	6704
r	748	1007	10	10	0	0	10s	100	1	6704
r	730	1025	10	10	0	0	10s	100	1	6704
r	877	1176	10	10	0	0	10s	100	1	6704
r	851	1159	10	10	0	0	10s	100	1	6704
r	859	1081	10	10	0	0	10s	100	1	6704
r	881	1114	10	10	0	0	10s	100	1	6704
r	695	1077	10	10	0	0	10s	100	1	6705
r	658	1088	10	10	0	0	10s	100	1	6705
r	286	1023	10	10	0	0	10s	100	1	6705
r	291	985	10	10	0	0	10s	100	1	6705
