r	124	116	10	10	0	0	35s	100	1	955
r	119	126	10	10	0	0	35s	100	1	955
r	128	135	10	10	0	0	35s	100	1	955
r	148	132	10	10	0	0	35s	100	1	955
r	147	114	10	10	0	0	35s	100	1	955
r	127	101	10	10	0	0	35s	100	1	955
r	118	108	10	10	0	0	35s	100	1	955
r	138	76	10	10	0	0	35s	100	1	955
r	136	45	10	10	0	0	35s	100	1	955
r	139	103	10	10	0	0	35s	100	1	955
r	76	119	10	10	0	0	35s	100	1	955
r	56	118	10	10	0	0	35s	100	1	955
r	36	118	10	10	0	0	35s	100	1	955
r	104	121	10	10	0	0	35s	100	1	955
r	135	121	10	10	0	0	35s	100	1	955
r	138	143	10	10	0	0	35s	100	1	955
r	134	148	10	10	0	0	35s	100	1	955
r	161	117	10	10	0	0	35s	100	1	955
r	181	117	10	10	0	0	35s	100	1	955
r	194	121	10	10	0	0	35s	100	1	955
r	197	121	10	10	0	0	35s	100	1	955
r	211	116	10	10	0	0	35s	100	1	955
r	210	121	10	10	0	0	35s	100	1	955
r	180	123	10	10	0	0	35s	100	1	955
r	157	121	10	10	0	0	35s	100	1	955
r	146	111	10	10	0	0	35s	100	1	955
r	151	149	10	10	0	0	35s	100	1	955
r	129	181	10	10	0	0	35s	100	1	955
r	135	181	10	10	0	0	35s	100	1	955
r	134	191	10	10	0	0	35s	100	1	955
r	132	219	10	10	0	0	35s	100	1	955
r	133	257	10	10	0	0	35s	100	1	955
r	137	309	10	10	0	0	35s	100	1	955
r	137	285	10	10	0	0	35s	100	1	955
r	140	240	10	10	0	0	35s	100	1	955
r	146	198	10	10	0	0	35s	100	1	955
r	145	201	10	10	0	0	35s	100	1	955
r	131	312	10	10	0	0	35s	100	1	955
r	133	346	10	10	0	0	35s	100	1	955
r	137	372	10	10	0	0	35s	100	1	955
r	135	383	10	10	0	0	35s	100	1	955
r	121	380	10	10	0	0	35s	100	1	955
r	126	393	10	10	0	0	35s	100	1	955
r	143	385	10	10	0	0	35s	100	1	955
r	130	366	10	10	0	0	35s	100	1	955
r	124	379	10	10	0	0	35s	100	1	955
r	141	391	10	10	0	0	35s	100	1	955
r	156	377	10	10	0	0	35s	100	1	955
r	178	376	10	10	0	0	35s	100	1	955
r	184	383	10	10	0	0	35s	100	1	955
r	206	382	10	10	0	0	35s	100	1	955
r	206	366	10	10	0	0	35s	100	1	955
r	195	385	10	10	0	0	35s	100	1	955
r	211	391	10	10	0	0	35s	100	1	955
r	219	383	10	10	0	0	35s	100	1	955
r	217	369	10	10	0	0	35s	100	1	955
r	209	407	10	10	0	0	35s	100	1	955
r	208	430	10	10	0	0	35s	100	1	955
r	209	446	10	10	0	0	35s	100	1	955
r	208	456	10	10	0	0	35s	100	1	955
r	177	461	10	10	0	0	35s	100	1	955
r	152	457	10	10	0	0	35s	100	1	955
r	137	449	10	10	0	0	35s	100	1	955
r	140	412	10	10	0	0	35s	100	1	955
r	142	423	10	10	0	0	35s	100	1	955
r	122	422	10	10	0	0	35s	100	1	955
r	129	409	10	10	0	0	35s	100	1	955
r	130	438	10	10	0	0	35s	100	1	955
r	146	452	10	10	0	0	35s	100	1	955
r	178	445	10	10	0	0	35s	100	1	955
r	197	444	10	10	0	0	35s	100	1	955
r	203	450	10	10	0	0	35s	100	1	955
r	177	460	10	10	0	0	35s	100	1	955
r	133	453	10	10	0	0	35s	100	1	955
r	146	438	10	10	0	0	35s	100	1	955
r	162	443	10	10	0	0	35s	100	1	955
r	166	451	10	10	0	0	35s	100	1	955
r	169	459	10	10	0	0	35s	100	1	955
r	197	426	10	10	0	0	35s	100	1	955
r	203	407	10	10	0	0	35s	100	1	955
r	203	400	10	10	0	0	35s	100	1	955
r	212	385	10	10	0	0	35s	100	1	955
r	216	422	10	10	0	0	35s	100	1	955
r	216	437	10	10	0	0	35s	100	1	955
r	212	464	10	10	0	0	35s	100	1	955
r	184	465	10	10	0	0	35s	100	1	955
r	222	380	10	10	0	0	35s	100	1	955
r	261	375	10	10	0	0	35s	100	1	955
r	288	376	10	10	0	0	35s	100	1	955
r	293	378	10	10	0	0	35s	100	1	955
r	268	383	10	10	0	0	35s	100	1	955
r	247	381	10	10	0	0	35s	100	1	955
r	241	380	10	10	0	0	35s	100	1	955
r	263	377	10	10	0	0	35s	100	1	955
r	287	378	10	10	0	0	35s	100	1	955
r	287	376	10	10	0	0	35s	100	1	955
r	276	350	10	10	0	0	35s	100	1	955
r	281	229	10	10	0	0	35s	100	1	955
r	277	260	10	10	0	0	35s	100	1	955
r	274	274	10	10	0	0	35s	100	1	955
r	274	293	10	10	0	0	35s	100	1	955
r	279	306	10	10	0	0	35s	100	1	955
r	285	317	10	10	0	0	35s	100	1	955
r	285	309	10	10	0	0	35s	100	1	955
r	285	260	10	10	0	0	35s	100	1	955
r	284	203	10	10	0	0	35s	100	1	955
r	270	190	10	10	0	0	35s	100	1	955
r	264	207	10	10	0	0	35s	100	1	955
r	281	214	10	10	0	0	35s	100	1	955
r	290	201	10	10	0	0	35s	100	1	955
r	285	184	10	10	0	0	35s	100	1	955
r	290	196	10	10	0	0	35s	100	1	955
r	282	201	10	10	0	0	35s	100	1	955
r	252	198	10	10	0	0	35s	100	1	955
r	230	194	10	10	0	0	35s	100	1	955
r	227	194	10	10	0	0	35s	100	1	955
r	234	206	10	10	0	0	35s	100	1	955
r	252	208	10	10	0	0	35s	100	1	955
r	274	181	10	10	0	0	35s	100	1	955
r	281	148	10	10	0	0	35s	100	1	955
r	282	114	10	10	0	0	35s	100	1	955
r	281	89	10	10	0	0	35s	100	1	955
r	276	59	10	10	0	0	35s	100	1	955
r	282	86	10	10	0	0	35s	100	1	955
r	282	127	10	10	0	0	35s	100	1	955
r	282	153	10	10	0	0	35s	100	1	955
r	297	195	10	10	0	0	35s	100	1	955
r	342	188	10	10	0	0	35s	100	1	955
r	361	189	10	10	0	0	35s	100	1	955
r	378	197	10	10	0	0	35s	100	1	955
r	380	201	10	10	0	0	35s	100	1	955
r	350	203	10	10	0	0	35s	100	1	955
r	311	201	10	10	0	0	35s	100	1	955
r	311	195	10	10	0	0	35s	100	1	955
r	345	192	10	10	0	0	35s	100	1	955
r	417	192	10	10	0	0	35s	100	1	955
r	404	199	10	10	0	0	35s	100	1	955
r	413	211	10	10	0	0	35s	100	1	955
r	425	211	10	10	0	0	35s	100	1	955
r	440	203	10	10	0	0	35s	100	1	955
r	426	187	10	10	0	0	35s	100	1	955
r	418	195	10	10	0	0	35s	100	1	955
r	423	202	10	10	0	0	35s	100	1	955
r	433	200	10	10	0	0	35s	100	1	955
r	436	189	10	10	0	0	35s	100	1	955
r	431	184	10	10	0	0	35s	100	1	955
r	410	188	10	10	0	0	35s	100	1	955
r	413	199	10	10	0	0	35s	100	1	955
r	286	189	10	10	0	0	35s	100	1	955
r	273	199	10	10	0	0	35s	100	1	955
r	266	208	10	10	0	0	35s	100	1	955
r	263	217	10	10	0	0	35s	100	1	955
r	281	216	10	10	0	0	35s	100	1	955
r	286	208	10	10	0	0	35s	100	1	955
r	282	188	10	10	0	0	35s	100	1	955
r	279	180	10	10	0	0	35s	100	1	955
r	285	140	10	10	0	0	35s	100	1	955
r	280	119	10	10	0	0	35s	100	1	955
r	273	90	10	10	0	0	35s	100	1	955
r	268	119	10	10	0	0	35s	100	1	955
r	275	142	10	10	0	0	35s	100	1	955
r	287	184	10	10	0	0	35s	100	1	955
r	282	125	10	10	0	0	35s	100	1	955
r	279	84	10	10	0	0	35s	100	1	955
r	279	57	10	10	0	0	35s	100	1	955
r	290	44	10	10	0	0	35s	100	1	955
r	304	47	10	10	0	0	35s	100	1	955
r	327	51	10	10	0	0	35s	100	1	955
r	353	50	10	10	0	0	35s	100	1	955
r	355	50	10	10	0	0	35s	100	1	955
r	312	59	10	10	0	0	35s	100	1	955
r	360	56	10	10	0	0	35s	100	1	955
r	392	55	10	10	0	0	35s	100	1	955
r	427	57	10	10	0	0	35s	100	1	955
r	434	57	10	10	0	0	35s	100	1	955
r	410	50	10	10	0	0	35s	100	1	955
r	384	50	10	10	0	0	35s	100	1	955
r	393	50	10	10	0	0	35s	100	1	955
r	483	53	10	10	0	0	35s	100	1	955
r	486	51	10	10	0	0	35s	100	1	955
r	493	48	10	10	0	0	35s	100	1	955
r	500	53	10	10	0	0	35s	100	1	955
r	503	66	10	10	0	0	35s	100	1	955
r	494	69	10	10	0	0	35s	100	1	955
r	484	61	10	10	0	0	35s	100	1	955
r	497	51	10	10	0	0	35s	100	1	955
r	505	57	10	10	0	0	35s	100	1	955
r	501	66	10	10	0	0	35s	100	1	955
r	498	49	10	10	0	0	35s	100	1	955
r	505	54	10	10	0	0	35s	100	1	955
r	495	59	10	10	0	0	35s	100	1	955
r	497	120	10	10	0	0	35s	100	1	955
r	500	142	10	10	0	0	35s	100	1	955
r	501	81	10	10	0	0	35s	100	1	955
r	499	84	10	10	0	0	35s	100	1	955
r	500	100	10	10	0	0	35s	100	1	955
r	500	113	10	10	0	0	35s	100	1	955
r	502	128	10	10	0	0	35s	100	1	955
r	489	129	10	10	0	0	35s	100	1	955
r	495	140	10	10	0	0	35s	100	1	955
r	508	129	10	10	0	0	35s	100	1	955
r	506	115	10	10	0	0	35s	100	1	955
r	492	113	10	10	0	0	35s	100	1	955
r	490	127	10	10	0	0	35s	100	1	955
r	508	129	10	10	0	0	35s	100	1	955
r	506	111	10	10	0	0	35s	100	1	955
r	493	129	10	10	0	0	35s	100	1	955
r	493	148	10	10	0	0	35s	100	1	955
r	499	184	10	10	0	0	35s	100	1	955
r	500	197	10	10	0	0	35s	100	1	955
r	496	203	10	10	0	0	35s	100	1	955
r	459	189	10	10	0	0	35s	100	1	955
r	454	198	10	10	0	0	35s	100	1	955
r	459	206	10	10	0	0	35s	100	1	955
r	477	208	10	10	0	0	35s	100	1	955
r	483	204	10	10	0	0	35s	100	1	955
r	488	189	10	10	0	0	35s	100	1	955
r	497	167	10	10	0	0	35s	100	1	955
r	502	152	10	10	0	0	35s	100	1	955
r	503	173	10	10	0	0	35s	100	1	955
r	496	181	10	10	0	0	35s	100	1	955
r	427	221	10	10	0	0	35s	100	1	955
r	424	223	10	10	0	0	35s	100	1	955
r	423	239	10	10	0	0	35s	100	1	955
r	421	245	10	10	0	0	35s	100	1	955
r	421	256	10	10	0	0	35s	100	1	955
r	430	266	10	10	0	0	35s	100	1	955
r	426	277	10	10	0	0	35s	100	1	955
r	422	284	10	10	0	0	35s	100	1	955
r	421	293	10	10	0	0	35s	100	1	955
r	427	317	10	10	0	0	35s	100	1	955
r	429	328	10	10	0	0	35s	100	1	955
r	427	342	10	10	0	0	35s	100	1	955
r	423	361	10	10	0	0	35s	100	1	955
r	431	374	10	10	0	0	35s	100	1	955
r	429	378	10	10	0	0	35s	100	1	955
r	414	377	10	10	0	0	35s	100	1	955
r	421	386	10	10	0	0	35s	100	1	955
r	433	391	10	10	0	0	35s	100	1	955
r	409	374	10	10	0	0	35s	100	1	955
r	394	380	10	10	0	0	35s	100	1	955
r	362	378	10	10	0	0	35s	100	1	955
r	339	376	10	10	0	0	35s	100	1	955
r	309	376	10	10	0	0	35s	100	1	955
r	309	383	10	10	0	0	35s	100	1	955
r	344	386	10	10	0	0	35s	100	1	955
r	372	384	10	10	0	0	35s	100	1	955
r	388	381	10	10	0	0	35s	100	1	955
r	423	370	10	10	0	0	35s	100	1	955
r	429	394	10	10	0	0	35s	100	1	955
r	427	412	10	10	0	0	35s	100	1	955
r	423	426	10	10	0	0	35s	100	1	955
r	423	444	10	10	0	0	35s	100	1	955
r	426	428	10	10	0	0	35s	100	1	955
r	428	466	10	10	0	0	35s	100	1	955
r	426	486	10	10	0	0	35s	100	1	955
r	426	501	10	10	0	0	35s	100	1	955
r	427	513	10	10	0	0	35s	100	1	955
r	427	527	10	10	0	0	35s	100	1	955
r	412	532	10	10	0	0	35s	100	1	955
r	376	527	10	10	0	0	35s	100	1	955
r	347	527	10	10	0	0	35s	100	1	955
r	317	524	10	10	0	0	35s	100	1	955
r	304	525	10	10	0	0	35s	100	1	955
r	319	526	10	10	0	0	35s	100	1	955
r	390	526	10	10	0	0	35s	100	1	955
r	348	519	10	10	0	0	35s	100	1	955
r	300	519	10	10	0	0	35s	100	1	955
r	285	528	10	10	0	0	35s	100	1	955
r	277	546	10	10	0	0	35s	100	1	955
r	276	563	10	10	0	0	35s	100	1	955
r	275	584	10	10	0	0	35s	100	1	955
r	266	599	10	10	0	0	35s	100	1	955
r	263	606	10	10	0	0	35s	100	1	955
r	276	610	10	10	0	0	35s	100	1	955
r	288	601	10	10	0	0	35s	100	1	955
r	288	587	10	10	0	0	35s	100	1	955
r	277	595	10	10	0	0	35s	100	1	955
r	276	604	10	10	0	0	35s	100	1	955
r	289	598	10	10	0	0	35s	100	1	955
r	292	583	10	10	0	0	35s	100	1	955
r	289	589	10	10	0	0	35s	100	1	955
r	108	589	10	10	0	0	35s	100	1	955
r	139	585	10	10	0	0	35s	100	1	955
r	190	590	10	10	0	0	35s	100	1	955
r	217	590	10	10	0	0	35s	100	1	955
r	244	595	10	10	0	0	35s	100	1	955
r	251	601	10	10	0	0	35s	100	1	955
r	199	606	10	10	0	0	35s	100	1	955
r	148	606	10	10	0	0	35s	100	1	955
r	115	607	10	10	0	0	35s	100	1	955
r	88	604	10	10	0	0	35s	100	1	955
r	69	600	10	10	0	0	35s	100	1	955
r	66	595	10	10	0	0	35s	100	1	955
r	46	585	10	10	0	0	35s	100	1	955
r	49	603	10	10	0	0	35s	100	1	955
r	66	604	10	10	0	0	35s	100	1	955
r	70	587	10	10	0	0	35s	100	1	955
r	67	579	10	10	0	0	35s	100	1	955
r	56	594	10	10	0	0	35s	100	1	955
r	69	601	10	10	0	0	35s	100	1	955
r	62	473	10	10	0	0	35s	100	1	955
r	61	501	10	10	0	0	35s	100	1	955
r	62	529	10	10	0	0	35s	100	1	955
r	62	541	10	10	0	0	35s	100	1	955
r	64	556	10	10	0	0	35s	100	1	955
r	64	576	10	10	0	0	35s	100	1	955
r	64	472	10	10	0	0	35s	100	1	955
r	64	443	10	10	0	0	35s	100	1	955
r	67	416	10	10	0	0	35s	100	1	955
r	70	396	10	10	0	0	35s	100	1	955
r	72	379	10	10	0	0	35s	100	1	955
r	80	375	10	10	0	0	35s	100	1	955
r	108	380	10	10	0	0	35s	100	1	955
r	109	380	10	10	0	0	35s	100	1	955
r	62	382	10	10	0	0	35s	100	1	955
r	67	407	10	10	0	0	35s	100	1	955
r	61	632	10	10	0	0	35s	100	1	955
r	58	647	10	10	0	0	35s	100	1	955
r	58	687	10	10	0	0	35s	100	1	955
r	64	654	10	10	0	0	35s	100	1	955
r	63	687	10	10	0	0	35s	100	1	955
r	64	707	10	10	0	0	35s	100	1	955
r	63	729	10	10	0	0	35s	100	1	955
r	52	738	10	10	0	0	35s	100	1	955
r	56	750	10	10	0	0	35s	100	1	955
r	70	753	10	10	0	0	35s	100	1	955
r	78	744	10	10	0	0	35s	100	1	955
r	71	736	10	10	0	0	35s	100	1	955
r	63	743	10	10	0	0	35s	100	1	955
r	67	748	10	10	0	0	35s	100	1	955
r	78	736	10	10	0	0	35s	100	1	955
r	54	731	10	10	0	0	35s	100	1	955
r	49	747	10	10	0	0	35s	100	1	955
r	62	753	10	10	0	0	35s	100	1	955
r	72	754	10	10	0	0	35s	100	1	955
r	84	748	10	10	0	0	35s	100	1	955
r	111	734	10	10	0	0	35s	100	1	955
r	159	737	10	10	0	0	35s	100	1	955
r	173	739	10	10	0	0	35s	100	1	955
r	178	737	10	10	0	0	35s	100	1	955
r	150	741	10	10	0	0	35s	100	1	955
r	127	738	10	10	0	0	35s	100	1	955
r	157	741	10	10	0	0	35s	100	1	955
r	203	742	10	10	0	0	35s	100	1	955
r	232	741	10	10	0	0	35s	100	1	955
r	256	741	10	10	0	0	35s	100	1	955
r	270	742	10	10	0	0	35s	100	1	955
r	277	739	10	10	0	0	35s	100	1	955
r	281	736	10	10	0	0	35s	100	1	955
r	265	742	10	10	0	0	35s	100	1	955
r	272	749	10	10	0	0	35s	100	1	955
r	283	752	10	10	0	0	35s	100	1	955
r	285	747	10	10	0	0	35s	100	1	955
r	287	737	10	10	0	0	35s	100	1	955
r	285	733	10	10	0	0	35s	100	1	955
r	281	695	10	10	0	0	35s	100	1	955
r	281	682	10	10	0	0	35s	100	1	955
r	279	660	10	10	0	0	35s	100	1	955
r	278	647	10	10	0	0	35s	100	1	955
r	279	634	10	10	0	0	35s	100	1	955
r	282	622	10	10	0	0	35s	100	1	955
r	284	622	10	10	0	0	35s	100	1	955
r	286	671	10	10	0	0	35s	100	1	955
r	281	687	10	10	0	0	35s	100	1	955
r	275	711	10	10	0	0	35s	100	1	955
r	279	767	10	10	0	0	35s	100	1	955
r	281	786	10	10	0	0	35s	100	1	955
r	282	791	10	10	0	0	35s	100	1	955
r	282	797	10	10	0	0	35s	100	1	955
r	61	764	10	10	0	0	35s	100	1	955
r	64	794	10	10	0	0	35s	100	1	955
r	64	807	10	10	0	0	35s	100	1	955
r	64	825	10	10	0	0	35s	100	1	955
r	64	841	10	10	0	0	35s	100	1	955
r	65	862	10	10	0	0	35s	100	1	955
r	68	878	10	10	0	0	35s	100	1	955
r	68	889	10	10	0	0	35s	100	1	955
r	66	896	10	10	0	0	35s	100	1	955
r	59	856	10	10	0	0	35s	100	1	955
r	59	817	10	10	0	0	35s	100	1	955
r	67	790	10	10	0	0	35s	100	1	955
r	60	886	10	10	0	0	35s	100	1	955
r	59	915	10	10	0	0	35s	100	1	955
r	61	936	10	10	0	0	35s	100	1	955
r	66	951	10	10	0	0	35s	100	1	955
r	64	966	10	10	0	0	35s	100	1	955
r	64	982	10	10	0	0	35s	100	1	955
r	64	997	10	10	0	0	35s	100	1	955
r	64	1017	10	10	0	0	35s	100	1	955
r	57	1053	10	10	0	0	35s	100	1	955
r	62	1072	10	10	0	0	35s	100	1	955
r	64	1087	10	10	0	0	35s	100	1	955
r	64	1102	10	10	0	0	35s	100	1	955
r	68	1108	10	10	0	0	35s	100	1	955
r	94	1113	10	10	0	0	35s	100	1	955
r	142	1109	10	10	0	0	35s	100	1	955
r	146	1110	10	10	0	0	35s	100	1	955
r	133	1106	10	10	0	0	35s	100	1	955
r	116	1107	10	10	0	0	35s	100	1	955
r	88	1104	10	10	0	0	35s	100	1	955
r	79	1102	10	10	0	0	35s	100	1	955
r	71	1093	10	10	0	0	35s	100	1	955
r	69	1074	10	10	0	0	35s	100	1	955
r	68	1049	10	10	0	0	35s	100	1	955
r	66	1034	10	10	0	0	35s	100	1	955
r	62	1025	10	10	0	0	35s	100	1	955
r	90	996	10	10	0	0	35s	100	1	955
r	101	992	10	10	0	0	35s	100	1	955
r	128	991	10	10	0	0	35s	100	1	955
r	132	990	10	10	0	0	35s	100	1	955
r	91	979	10	10	0	0	35s	100	1	955
r	86	985	10	10	0	0	35s	100	1	955
r	126	987	10	10	0	0	35s	100	1	955
r	146	986	10	10	0	0	35s	100	1	955
r	176	987	10	10	0	0	35s	100	1	955
r	211	989	10	10	0	0	35s	100	1	955
r	237	988	10	10	0	0	35s	100	1	955
r	243	987	10	10	0	0	35s	100	1	955
r	197	987	10	10	0	0	35s	100	1	955
r	189	989	10	10	0	0	35s	100	1	955
r	202	993	10	10	0	0	35s	100	1	955
r	197	992	10	10	0	0	35s	100	1	955
r	160	993	10	10	0	0	35s	100	1	955
r	153	992	10	10	0	0	35s	100	1	955
r	158	982	10	10	0	0	35s	100	1	955
r	195	979	10	10	0	0	35s	100	1	955
r	230	981	10	10	0	0	35s	100	1	955
r	239	983	10	10	0	0	35s	100	1	955
r	247	991	10	10	0	0	35s	100	1	955
r	234	998	10	10	0	0	35s	100	1	955
r	232	991	10	10	0	0	35s	100	1	955
r	260	983	10	10	0	0	35s	100	1	955
r	261	993	10	10	0	0	35s	100	1	955
r	146	1125	10	10	0	0	35s	100	1	955
r	149	1169	10	10	0	0	35s	100	1	955
r	151	1191	10	10	0	0	35s	100	1	955
r	154	1162	10	10	0	0	35s	100	1	955
r	155	1115	10	10	0	0	35s	100	1	955
r	157	1156	10	10	0	0	35s	100	1	955
r	151	1221	10	10	0	0	35s	100	1	955
r	152	1260	10	10	0	0	35s	100	1	955
r	159	1274	10	10	0	0	35s	100	1	955
r	159	1285	10	10	0	0	35s	100	1	955
r	151	1295	10	10	0	0	35s	100	1	955
r	116	1290	10	10	0	0	35s	100	1	955
r	104	1288	10	10	0	0	35s	100	1	955
r	82	1285	10	10	0	0	35s	100	1	955
r	69	1297	10	10	0	0	35s	100	1	955
r	58	1355	10	10	0	0	35s	100	1	955
r	60	1388	10	10	0	0	35s	100	1	955
r	59	1419	10	10	0	0	35s	100	1	955
r	56	1451	10	10	0	0	35s	100	1	955
r	55	1486	10	10	0	0	35s	100	1	955
r	59	1492	10	10	0	0	35s	100	1	955
r	64	1467	10	10	0	0	35s	100	1	955
r	64	1453	10	10	0	0	35s	100	1	955
r	66	1415	10	10	0	0	35s	100	1	955
r	68	1379	10	10	0	0	35s	100	1	955
r	69	1352	10	10	0	0	35s	100	1	955
r	69	1327	10	10	0	0	35s	100	1	955
r	61	1311	10	10	0	0	35s	100	1	955
r	61	1299	10	10	0	0	35s	100	1	955
r	83	1284	10	10	0	0	35s	100	1	955
r	107	1282	10	10	0	0	35s	100	1	955
r	146	1284	10	10	0	0	35s	100	1	955
r	178	1284	10	10	0	0	35s	100	1	955
r	206	1284	10	10	0	0	35s	100	1	955
r	239	1286	10	10	0	0	35s	100	1	955
r	269	1287	10	10	0	0	35s	100	1	955
r	271	1291	10	10	0	0	35s	100	1	955
r	246	1294	10	10	0	0	35s	100	1	955
r	237	1306	10	10	0	0	35s	100	1	955
r	237	1323	10	10	0	0	35s	100	1	955
r	238	1341	10	10	0	0	35s	100	1	955
r	238	1360	10	10	0	0	35s	100	1	955
r	238	1379	10	10	0	0	35s	100	1	955
r	240	1395	10	10	0	0	35s	100	1	955
r	243	1422	10	10	0	0	35s	100	1	955
r	238	1444	10	10	0	0	35s	100	1	955
r	225	1458	10	10	0	0	35s	100	1	955
r	239	1467	10	10	0	0	35s	100	1	955
r	259	1467	10	10	0	0	35s	100	1	955
r	252	1472	10	10	0	0	35s	100	1	955
r	224	1472	10	10	0	0	35s	100	1	955
r	212	1454	10	10	0	0	35s	100	1	955
r	227	1430	10	10	0	0	35s	100	1	955
r	244	1426	10	10	0	0	35s	100	1	955
r	256	1446	10	10	0	0	35s	100	1	955
r	254	1462	10	10	0	0	35s	100	1	955
r	230	1458	10	10	0	0	35s	100	1	955
r	255	1447	10	10	0	0	35s	100	1	955
r	263	1432	10	10	0	0	35s	100	1	955
r	243	1443	10	10	0	0	35s	100	1	955
r	205	1450	10	10	0	0	35s	100	1	955
r	176	1447	10	10	0	0	35s	100	1	955
r	154	1450	10	10	0	0	35s	100	1	955
r	139	1453	10	10	0	0	35s	100	1	955
r	157	1455	10	10	0	0	35s	100	1	955
r	184	1453	10	10	0	0	35s	100	1	955
r	245	1487	10	10	0	0	35s	100	1	955
r	244	1505	10	10	0	0	35s	100	1	955
r	244	1512	10	10	0	0	35s	100	1	955
r	245	1523	10	10	0	0	35s	100	1	955
r	242	1491	10	10	0	0	35s	100	1	955
r	260	1466	10	10	0	0	35s	100	1	955
r	291	1453	10	10	0	0	35s	100	1	955
r	311	1447	10	10	0	0	35s	100	1	955
r	336	1450	10	10	0	0	35s	100	1	955
r	278	1443	10	10	0	0	35s	100	1	955
r	270	1447	10	10	0	0	35s	100	1	955
r	274	1454	10	10	0	0	35s	100	1	955
r	298	1456	10	10	0	0	35s	100	1	955
r	332	1454	10	10	0	0	35s	100	1	955
r	360	1453	10	10	0	0	35s	100	1	955
r	380	1452	10	10	0	0	35s	100	1	955
r	383	1452	10	10	0	0	35s	100	1	955
r	349	1443	10	10	0	0	35s	100	1	955
r	330	1443	10	10	0	0	35s	100	1	955
r	314	1443	10	10	0	0	35s	100	1	955
r	361	1453	10	10	0	0	35s	100	1	955
r	386	1448	10	10	0	0	35s	100	1	955
r	417	1449	10	10	0	0	35s	100	1	955
r	426	1452	10	10	0	0	35s	100	1	955
r	420	1459	10	10	0	0	35s	100	1	955
r	402	1457	10	10	0	0	35s	100	1	955
r	427	1456	10	10	0	0	35s	100	1	955
r	437	1442	10	10	0	0	35s	100	1	955
r	440	1430	10	10	0	0	35s	100	1	955
r	439	1382	10	10	0	0	35s	100	1	955
r	437	1362	10	10	0	0	35s	100	1	955
r	434	1345	10	10	0	0	35s	100	1	955
r	432	1341	10	10	0	0	35s	100	1	955
r	429	1374	10	10	0	0	35s	100	1	955
r	428	1406	10	10	0	0	35s	100	1	955
r	426	1432	10	10	0	0	35s	100	1	955
r	430	1453	10	10	0	0	35s	100	1	955
r	437	1403	10	10	0	0	35s	100	1	955
r	436	1390	10	10	0	0	35s	100	1	955
r	436	1371	10	10	0	0	35s	100	1	955
r	437	1330	10	10	0	0	35s	100	1	955
r	419	1301	10	10	0	0	35s	100	1	955
r	413	1305	10	10	0	0	35s	100	1	955
r	413	1300	10	10	0	0	35s	100	1	955
r	419	1271	10	10	0	0	35s	100	1	955
r	432	1269	10	10	0	0	35s	100	1	955
r	443	1273	10	10	0	0	35s	100	1	955
r	451	1287	10	10	0	0	35s	100	1	955
r	447	1298	10	10	0	0	35s	100	1	955
r	430	1284	10	10	0	0	35s	100	1	955
r	446	1295	10	10	0	0	35s	100	1	955
r	449	1307	10	10	0	0	35s	100	1	955
r	441	1311	10	10	0	0	35s	100	1	955
r	426	1308	10	10	0	0	35s	100	1	955
r	429	1300	10	10	0	0	35s	100	1	955
r	435	1294	10	10	0	0	35s	100	1	955
r	438	1296	10	10	0	0	35s	100	1	955
r	414	1284	10	10	0	0	35s	100	1	955
r	434	1275	10	10	0	0	35s	100	1	955
r	457	1279	10	10	0	0	35s	100	1	955
r	452	1286	10	10	0	0	35s	100	1	955
r	417	1287	10	10	0	0	35s	100	1	955
r	398	1287	10	10	0	0	35s	100	1	955
r	380	1287	10	10	0	0	35s	100	1	955
r	368	1287	10	10	0	0	35s	100	1	955
r	353	1287	10	10	0	0	35s	100	1	955
r	329	1287	10	10	0	0	35s	100	1	955
r	300	1287	10	10	0	0	35s	100	1	955
r	315	1284	10	10	0	0	35s	100	1	955
r	352	1290	10	10	0	0	35s	100	1	955
r	364	1297	10	10	0	0	35s	100	1	955
r	387	1300	10	10	0	0	35s	100	1	955
r	410	1298	10	10	0	0	35s	100	1	955
r	426	1295	10	10	0	0	35s	100	1	955
r	233	1271	10	10	0	0	35s	100	1	955
r	238	1270	10	10	0	0	35s	100	1	955
r	243	1252	10	10	0	0	35s	100	1	955
r	244	1242	10	10	0	0	35s	100	1	955
r	247	1218	10	10	0	0	35s	100	1	955
r	245	1195	10	10	0	0	35s	100	1	955
r	246	1163	10	10	0	0	35s	100	1	955
r	251	1134	10	10	0	0	35s	100	1	955
r	251	1112	10	10	0	0	35s	100	1	955
r	244	1090	10	10	0	0	35s	100	1	955
r	245	1061	10	10	0	0	35s	100	1	955
r	252	1036	10	10	0	0	35s	100	1	955
r	255	1018	10	10	0	0	35s	100	1	955
r	255	1004	10	10	0	0	35s	100	1	955
r	260	994	10	10	0	0	35s	100	1	955
r	315	990	10	10	0	0	35s	100	1	955
r	337	988	10	10	0	0	35s	100	1	955
r	350	985	10	10	0	0	35s	100	1	955
r	380	983	10	10	0	0	35s	100	1	955
r	414	985	10	10	0	0	35s	100	1	955
r	420	990	10	10	0	0	35s	100	1	955
r	421	1004	10	10	0	0	35s	100	1	955
r	426	1036	10	10	0	0	35s	100	1	955
r	426	1061	10	10	0	0	35s	100	1	955
r	426	1091	10	10	0	0	35s	100	1	955
r	423	1109	10	10	0	0	35s	100	1	955
r	404	1120	10	10	0	0	35s	100	1	955
r	361	1114	10	10	0	0	35s	100	1	955
r	342	1111	10	10	0	0	35s	100	1	955
r	323	1104	10	10	0	0	35s	100	1	955
r	305	1105	10	10	0	0	35s	100	1	955
r	279	1107	10	10	0	0	35s	100	1	955
r	252	1113	10	10	0	0	35s	100	1	955
r	236	1099	10	10	0	0	35s	100	1	955
r	233	1112	10	10	0	0	35s	100	1	955
r	237	1126	10	10	0	0	35s	100	1	955
r	244	1139	10	10	0	0	35s	100	1	955
r	248	1014	10	10	0	0	35s	100	1	955
r	259	993	10	10	0	0	35s	100	1	955
r	274	982	10	10	0	0	35s	100	1	955
r	290	979	10	10	0	0	35s	100	1	955
r	325	985	10	10	0	0	35s	100	1	955
r	345	986	10	10	0	0	35s	100	1	955
r	378	984	10	10	0	0	35s	100	1	955
r	407	987	10	10	0	0	35s	100	1	955
r	418	1001	10	10	0	0	35s	100	1	955
r	418	1028	10	10	0	0	35s	100	1	955
r	418	1059	10	10	0	0	35s	100	1	955
r	418	1097	10	10	0	0	35s	100	1	955
r	416	1111	10	10	0	0	35s	100	1	955
r	476	1295	10	10	0	0	35s	100	1	955
r	499	1283	10	10	0	0	35s	100	1	955
r	539	1284	10	10	0	0	35s	100	1	955
r	543	1288	10	10	0	0	35s	100	1	955
r	497	1287	10	10	0	0	35s	100	1	955
r	481	1286	10	10	0	0	35s	100	1	955
r	462	1275	10	10	0	0	35s	100	1	955
r	446	1230	10	10	0	0	35s	100	1	955
r	443	1201	10	10	0	0	35s	100	1	955
r	440	1186	10	10	0	0	35s	100	1	955
r	433	1217	10	10	0	0	35s	100	1	955
r	432	1249	10	10	0	0	35s	100	1	955
r	437	1262	10	10	0	0	35s	100	1	955
r	440	1262	10	10	0	0	35s	100	1	955
r	434	1206	10	10	0	0	35s	100	1	955
r	440	1186	10	10	0	0	35s	100	1	955
r	462	1175	10	10	0	0	35s	100	1	955
r	494	1181	10	10	0	0	35s	100	1	955
r	498	1182	10	10	0	0	35s	100	1	955
r	460	1183	10	10	0	0	35s	100	1	955
r	447	1181	10	10	0	0	35s	100	1	955
r	486	1188	10	10	0	0	35s	100	1	955
r	500	1188	10	10	0	0	35s	100	1	955
r	530	1188	10	10	0	0	35s	100	1	955
r	541	1184	10	10	0	0	35s	100	1	955
r	549	1182	10	10	0	0	35s	100	1	955
r	551	1150	10	10	0	0	35s	100	1	955
r	550	1137	10	10	0	0	35s	100	1	955
r	552	1123	10	10	0	0	35s	100	1	955
r	560	1107	10	10	0	0	35s	100	1	955
r	561	1100	10	10	0	0	35s	100	1	955
r	554	1097	10	10	0	0	35s	100	1	955
r	534	1095	10	10	0	0	35s	100	1	955
r	511	1092	10	10	0	0	35s	100	1	955
r	498	1094	10	10	0	0	35s	100	1	955
r	503	1100	10	10	0	0	35s	100	1	955
r	552	1102	10	10	0	0	35s	100	1	955
r	596	1093	10	10	0	0	35s	100	1	955
r	607	1098	10	10	0	0	35s	100	1	955
r	610	1099	10	10	0	0	35s	100	1	955
r	546	1091	10	10	0	0	35s	100	1	955
r	554	1075	10	10	0	0	35s	100	1	955
r	557	1065	10	10	0	0	35s	100	1	955
r	558	1054	10	10	0	0	35s	100	1	955
r	558	1042	10	10	0	0	35s	100	1	955
r	556	1033	10	10	0	0	35s	100	1	955
r	553	1030	10	10	0	0	35s	100	1	955
r	547	1053	10	10	0	0	35s	100	1	955
r	553	1089	10	10	0	0	35s	100	1	955
r	557	1121	10	10	0	0	35s	100	1	955
r	550	1147	10	10	0	0	35s	100	1	955
r	549	1164	10	10	0	0	35s	100	1	955
r	552	1176	10	10	0	0	35s	100	1	955
r	560	1184	10	10	0	0	35s	100	1	955
r	537	1001	10	10	0	0	35s	100	1	955
r	511	998	10	10	0	0	35s	100	1	955
r	492	995	10	10	0	0	35s	100	1	955
r	502	994	10	10	0	0	35s	100	1	955
r	564	993	10	10	0	0	35s	100	1	955
r	595	993	10	10	0	0	35s	100	1	955
r	620	994	10	10	0	0	35s	100	1	955
r	639	993	10	10	0	0	35s	100	1	955
r	641	979	10	10	0	0	35s	100	1	955
r	630	878	10	10	0	0	35s	100	1	955
r	623	870	10	10	0	0	35s	100	1	955
r	620	882	10	10	0	0	35s	100	1	955
r	626	891	10	10	0	0	35s	100	1	955
r	636	893	10	10	0	0	35s	100	1	955
r	622	885	10	10	0	0	35s	100	1	955
r	620	893	10	10	0	0	35s	100	1	955
r	639	897	10	10	0	0	35s	100	1	955
r	646	889	10	10	0	0	35s	100	1	955
r	643	875	10	10	0	0	35s	100	1	955
r	634	868	10	10	0	0	35s	100	1	955
r	631	879	10	10	0	0	35s	100	1	955
r	649	889	10	10	0	0	35s	100	1	955
r	625	894	10	10	0	0	35s	100	1	955
r	617	890	10	10	0	0	35s	100	1	955
r	637	891	10	10	0	0	35s	100	1	955
r	664	885	10	10	0	0	35s	100	1	955
r	632	919	10	10	0	0	35s	100	1	955
r	633	935	10	10	0	0	35s	100	1	955
r	633	952	10	10	0	0	35s	100	1	955
r	633	966	10	10	0	0	35s	100	1	955
r	655	881	10	10	0	0	35s	100	1	955
r	677	879	10	10	0	0	35s	100	1	955
r	682	882	10	10	0	0	35s	100	1	955
r	683	889	10	10	0	0	35s	100	1	955
r	592	889	10	10	0	0	35s	100	1	955
r	570	886	10	10	0	0	35s	100	1	955
r	556	885	10	10	0	0	35s	100	1	955
r	537	885	10	10	0	0	35s	100	1	955
r	515	884	10	10	0	0	35s	100	1	955
r	505	887	10	10	0	0	35s	100	1	955
r	493	888	10	10	0	0	35s	100	1	955
r	484	893	10	10	0	0	35s	100	1	955
r	491	899	10	10	0	0	35s	100	1	955
r	497	897	10	10	0	0	35s	100	1	955
r	479	895	10	10	0	0	35s	100	1	955
r	487	872	10	10	0	0	35s	100	1	955
r	501	873	10	10	0	0	35s	100	1	955
r	498	885	10	10	0	0	35s	100	1	955
r	482	886	10	10	0	0	35s	100	1	955
r	473	878	10	10	0	0	35s	100	1	955
r	473	894	10	10	0	0	35s	100	1	955
r	494	896	10	10	0	0	35s	100	1	955
r	502	884	10	10	0	0	35s	100	1	955
r	478	894	10	10	0	0	35s	100	1	955
r	487	900	10	10	0	0	35s	100	1	955
r	487	922	10	10	0	0	35s	100	1	955
r	484	949	10	10	0	0	35s	100	1	955
r	484	969	10	10	0	0	35s	100	1	955
r	486	985	10	10	0	0	35s	100	1	955
r	492	925	10	10	0	0	35s	100	1	955
r	491	913	10	10	0	0	35s	100	1	955
r	492	932	10	10	0	0	35s	100	1	955
r	630	807	10	10	0	0	35s	100	1	955
r	628	829	10	10	0	0	35s	100	1	955
r	633	849	10	10	0	0	35s	100	1	955
r	640	859	10	10	0	0	35s	100	1	955
r	638	826	10	10	0	0	35s	100	1	955
r	631	830	10	10	0	0	35s	100	1	955
r	627	838	10	10	0	0	35s	100	1	955
r	641	780	10	10	0	0	35s	100	1	955
r	628	778	10	10	0	0	35s	100	1	955
r	626	791	10	10	0	0	35s	100	1	955
r	650	790	10	10	0	0	35s	100	1	955
r	621	777	10	10	0	0	35s	100	1	955
r	629	789	10	10	0	0	35s	100	1	955
r	646	773	10	10	0	0	35s	100	1	955
r	618	771	10	10	0	0	35s	100	1	955
r	627	786	10	10	0	0	35s	100	1	955
r	629	771	10	10	0	0	35s	100	1	955
r	636	786	10	10	0	0	35s	100	1	955
r	645	782	10	10	0	0	35s	100	1	955
r	630	768	10	10	0	0	35s	100	1	955
r	637	782	10	10	0	0	35s	100	1	955
r	626	784	10	10	0	0	35s	100	1	955
r	581	779	10	10	0	0	35s	100	1	955
r	550	775	10	10	0	0	35s	100	1	955
r	516	769	10	10	0	0	35s	100	1	955
r	516	769	10	10	0	0	35s	100	1	955
r	583	775	10	10	0	0	35s	100	1	955
r	598	775	10	10	0	0	35s	100	1	955
r	598	783	10	10	0	0	35s	100	1	955
r	538	783	10	10	0	0	35s	100	1	955
r	508	778	10	10	0	0	35s	100	1	955
r	490	770	10	10	0	0	35s	100	1	955
r	475	764	10	10	0	0	35s	100	1	955
r	470	782	10	10	0	0	35s	100	1	955
r	487	786	10	10	0	0	35s	100	1	955
r	497	776	10	10	0	0	35s	100	1	955
r	493	765	10	10	0	0	35s	100	1	955
r	483	778	10	10	0	0	35s	100	1	955
r	489	787	10	10	0	0	35s	100	1	955
r	501	794	10	10	0	0	35s	100	1	955
r	483	796	10	10	0	0	35s	100	1	955
r	473	782	10	10	0	0	35s	100	1	955
r	494	770	10	10	0	0	35s	100	1	955
r	500	785	10	10	0	0	35s	100	1	955
r	492	807	10	10	0	0	35s	100	1	955
r	488	827	10	10	0	0	35s	100	1	955
r	484	851	10	10	0	0	35s	100	1	955
r	481	864	10	10	0	0	35s	100	1	955
r	475	851	10	10	0	0	35s	100	1	955
r	483	824	10	10	0	0	35s	100	1	955
r	490	834	10	10	0	0	35s	100	1	955
r	494	858	10	10	0	0	35s	100	1	955
r	378	937	10	10	0	0	35s	100	1	955
r	376	947	10	10	0	0	35s	100	1	955
r	374	952	10	10	0	0	35s	100	1	955
r	378	963	10	10	0	0	35s	100	1	955
r	385	944	10	10	0	0	35s	100	1	955
r	378	889	10	10	0	0	35s	100	1	955
r	355	892	10	10	0	0	35s	100	1	955
r	338	893	10	10	0	0	35s	100	1	955
r	329	892	10	10	0	0	35s	100	1	955
r	398	892	10	10	0	0	35s	100	1	955
r	423	897	10	10	0	0	35s	100	1	955
r	429	897	10	10	0	0	35s	100	1	955
r	381	905	10	10	0	0	35s	100	1	955
r	380	920	10	10	0	0	35s	100	1	955
r	378	931	10	10	0	0	35s	100	1	955
r	400	889	10	10	0	0	35s	100	1	955
r	440	890	10	10	0	0	35s	100	1	955
r	429	888	10	10	0	0	35s	100	1	955
r	389	881	10	10	0	0	35s	100	1	955
r	376	831	10	10	0	0	35s	100	1	955
r	381	808	10	10	0	0	35s	100	1	955
r	383	765	10	10	0	0	35s	100	1	955
r	375	766	10	10	0	0	35s	100	1	955
r	375	791	10	10	0	0	35s	100	1	955
r	391	793	10	10	0	0	35s	100	1	955
r	404	774	10	10	0	0	35s	100	1	955
r	429	772	10	10	0	0	35s	100	1	955
r	445	778	10	10	0	0	35s	100	1	955
r	456	778	10	10	0	0	35s	100	1	955
r	459	775	10	10	0	0	35s	100	1	955
r	248	842	10	10	0	0	35s	100	1	955
r	241	870	10	10	0	0	35s	100	1	955
r	241	906	10	10	0	0	35s	100	1	955
r	241	966	10	10	0	0	35s	100	1	955
r	241	971	10	10	0	0	35s	100	1	955
r	241	968	10	10	0	0	35s	100	1	955
r	243	948	10	10	0	0	35s	100	1	955
r	243	934	10	10	0	0	35s	100	1	955
r	238	916	10	10	0	0	35s	100	1	955
r	230	838	10	10	0	0	35s	100	1	955
r	218	835	10	10	0	0	35s	100	1	955
r	211	836	10	10	0	0	35s	100	1	955
r	173	831	10	10	0	0	35s	100	1	955
r	154	831	10	10	0	0	35s	100	1	955
r	129	837	10	10	0	0	35s	100	1	955
r	124	845	10	10	0	0	35s	100	1	955
r	124	863	10	10	0	0	35s	100	1	955
r	121	881	10	10	0	0	35s	100	1	955
r	124	884	10	10	0	0	35s	100	1	955
r	130	857	10	10	0	0	35s	100	1	955
r	130	851	10	10	0	0	35s	100	1	955
r	589	1289	10	10	0	0	35s	100	1	955
r	538	1289	10	10	0	0	35s	100	1	955
r	510	1289	10	10	0	0	35s	100	1	955
r	518	1287	10	10	0	0	35s	100	1	955
r	577	1286	10	10	0	0	35s	100	1	955
r	638	1289	10	10	0	0	35s	100	1	955
r	663	1286	10	10	0	0	35s	100	1	955
r	680	1284	10	10	0	0	35s	100	1	955
r	689	1284	10	10	0	0	35s	100	1	955
r	692	1290	10	10	0	0	35s	100	1	955
r	687	1316	10	10	0	0	35s	100	1	955
r	687	1323	10	10	0	0	35s	100	1	955
r	681	1234	10	10	0	0	35s	100	1	955
r	686	1199	10	10	0	0	35s	100	1	955
r	687	1165	10	10	0	0	35s	100	1	955
r	687	1125	10	10	0	0	35s	100	1	955
r	690	1100	10	10	0	0	35s	100	1	955
r	717	1096	10	10	0	0	35s	100	1	955
r	747	1095	10	10	0	0	35s	100	1	955
r	753	1095	10	10	0	0	35s	100	1	955
r	759	1009	10	10	0	0	35s	100	1	955
r	760	1051	10	10	0	0	35s	100	1	955
r	760	1064	10	10	0	0	35s	100	1	955
r	753	1064	10	10	0	0	35s	100	1	955
r	765	975	10	10	0	0	35s	100	1	955
r	749	973	10	10	0	0	35s	100	1	955
r	748	992	10	10	0	0	35s	100	1	955
r	777	996	10	10	0	0	35s	100	1	955
r	773	984	10	10	0	0	35s	100	1	955
r	759	1006	10	10	0	0	35s	100	1	955
r	752	1003	10	10	0	0	35s	100	1	955
r	718	995	10	10	0	0	35s	100	1	955
r	704	992	10	10	0	0	35s	100	1	955
r	711	993	10	10	0	0	35s	100	1	955
r	773	991	10	10	0	0	35s	100	1	955
r	801	990	10	10	0	0	35s	100	1	955
r	816	990	10	10	0	0	35s	100	1	955
r	822	993	10	10	0	0	35s	100	1	955
r	757	953	10	10	0	0	35s	100	1	955
r	758	917	10	10	0	0	35s	100	1	955
r	758	892	10	10	0	0	35s	100	1	955
r	759	871	10	10	0	0	35s	100	1	955
r	755	907	10	10	0	0	35s	100	1	955
r	758	951	10	10	0	0	35s	100	1	955
r	754	1101	10	10	0	0	35s	100	1	955
r	736	1102	10	10	0	0	35s	100	1	955
r	722	1101	10	10	0	0	35s	100	1	955
r	711	1109	10	10	0	0	35s	100	1	955
r	686	1158	10	10	0	0	35s	100	1	955
r	684	1177	10	10	0	0	35s	100	1	955
r	689	1217	10	10	0	0	35s	100	1	955
r	686	1241	10	10	0	0	35s	100	1	955
r	683	1263	10	10	0	0	35s	100	1	955
r	683	1279	10	10	0	0	35s	100	1	955
r	685	1297	10	10	0	0	35s	100	1	955
r	696	1295	10	10	0	0	35s	100	1	955
r	723	1287	10	10	0	0	35s	100	1	955
r	735	1289	10	10	0	0	35s	100	1	955
r	723	1292	10	10	0	0	35s	100	1	955
r	678	1326	10	10	0	0	35s	100	1	955
r	679	1353	10	10	0	0	35s	100	1	955
r	680	1369	10	10	0	0	35s	100	1	955
r	675	1389	10	10	0	0	35s	100	1	955
r	668	1401	10	10	0	0	35s	100	1	955
r	665	1413	10	10	0	0	35s	100	1	955
r	668	1430	10	10	0	0	35s	100	1	955
r	678	1436	10	10	0	0	35s	100	1	955
r	699	1434	10	10	0	0	35s	100	1	955
r	686	1402	10	10	0	0	35s	100	1	955
r	681	1418	10	10	0	0	35s	100	1	955
r	690	1424	10	10	0	0	35s	100	1	955
r	700	1414	10	10	0	0	35s	100	1	955
r	706	1406	10	10	0	0	35s	100	1	955
r	724	1422	10	10	0	0	35s	100	1	955
r	749	1427	10	10	0	0	35s	100	1	955
r	766	1424	10	10	0	0	35s	100	1	955
r	766	1420	10	10	0	0	35s	100	1	955
r	691	1426	10	10	0	0	35s	100	1	955
r	698	1446	10	10	0	0	35s	100	1	955
r	691	1467	10	10	0	0	35s	100	1	955
r	689	1480	10	10	0	0	35s	100	1	955
r	687	1487	10	10	0	0	35s	100	1	955
r	686	1491	10	10	0	0	35s	100	1	955
r	674	1458	10	10	0	0	35s	100	1	955
r	684	1448	10	10	0	0	35s	100	1	955
r	663	1428	10	10	0	0	35s	100	1	955
r	631	1418	10	10	0	0	35s	100	1	955
r	600	1420	10	10	0	0	35s	100	1	955
r	581	1419	10	10	0	0	35s	100	1	955
r	562	1419	10	10	0	0	35s	100	1	955
r	536	1419	10	10	0	0	35s	100	1	955
r	525	1443	10	10	0	0	35s	100	1	955
r	527	1454	10	10	0	0	35s	100	1	955
r	526	1473	10	10	0	0	35s	100	1	955
r	524	1492	10	10	0	0	35s	100	1	955
r	522	1499	10	10	0	0	35s	100	1	955
r	522	1498	10	10	0	0	35s	100	1	955
r	513	1428	10	10	0	0	35s	100	1	955
r	521	1419	10	10	0	0	35s	100	1	955
r	534	1422	10	10	0	0	35s	100	1	955
r	926	1449	10	10	0	0	35s	100	1	955
r	871	1443	10	10	0	0	35s	100	1	955
r	855	1443	10	10	0	0	35s	100	1	955
r	853	1445	10	10	0	0	35s	100	1	955
r	906	1444	10	10	0	0	35s	100	1	955
r	906	1427	10	10	0	0	35s	100	1	955
r	899	1407	10	10	0	0	35s	100	1	955
r	900	1383	10	10	0	0	35s	100	1	955
r	910	1370	10	10	0	0	35s	100	1	955
r	949	1365	10	10	0	0	35s	100	1	955
r	974	1369	10	10	0	0	35s	100	1	955
r	996	1381	10	10	0	0	35s	100	1	955
r	1000	1396	10	10	0	0	35s	100	1	955
r	1004	1414	10	10	0	0	35s	100	1	955
r	997	1431	10	10	0	0	35s	100	1	955
r	949	1436	10	10	0	0	35s	100	1	955
r	928	1438	10	10	0	0	35s	100	1	955
r	969	1444	10	10	0	0	35s	100	1	955
r	997	1437	10	10	0	0	35s	100	1	955
r	1009	1432	10	10	0	0	35s	100	1	955
r	1015	1424	10	10	0	0	35s	100	1	955
r	1002	1375	10	10	0	0	35s	100	1	955
r	1002	1372	10	10	0	0	35s	100	1	955
r	954	1361	10	10	0	0	35s	100	1	955
r	831	1201	10	10	0	0	35s	100	1	955
r	806	1223	10	10	0	0	35s	100	1	955
r	812	1242	10	10	0	0	35s	100	1	955
r	838	1252	10	10	0	0	35s	100	1	955
r	850	1249	10	10	0	0	35s	100	1	955
r	852	1237	10	10	0	0	35s	100	1	955
r	836	1225	10	10	0	0	35s	100	1	955
r	828	1232	10	10	0	0	35s	100	1	955
r	834	1242	10	10	0	0	35s	100	1	955
r	849	1210	10	10	0	0	35s	100	1	955
r	850	1208	10	10	0	0	35s	100	1	955
r	840	1214	10	10	0	0	35s	100	1	955
r	822	1218	10	10	0	0	35s	100	1	955
r	822	1214	10	10	0	0	35s	100	1	955
r	819	1200	10	10	0	0	35s	100	1	955
r	820	1193	10	10	0	0	35s	100	1	955
r	856	1189	10	10	0	0	35s	100	1	955
r	864	1193	10	10	0	0	35s	100	1	955
r	856	1206	10	10	0	0	35s	100	1	955
r	827	1182	10	10	0	0	35s	100	1	955
r	859	1185	10	10	0	0	35s	100	1	955
r	889	1191	10	10	0	0	35s	100	1	955
r	891	1205	10	10	0	0	35s	100	1	955
r	873	1217	10	10	0	0	35s	100	1	955
r	862	1232	10	10	0	0	35s	100	1	955
r	864	1241	10	10	0	0	35s	100	1	955
r	879	1243	10	10	0	0	35s	100	1	955
r	896	1243	10	10	0	0	35s	100	1	955
r	895	1224	10	10	0	0	35s	100	1	955
r	887	1225	10	10	0	0	35s	100	1	955
r	885	1241	10	10	0	0	35s	100	1	955
r	894	1252	10	10	0	0	35s	100	1	955
r	840	1257	10	10	0	0	35s	100	1	955
r	844	1259	10	10	0	0	35s	100	1	955
r	876	1256	10	10	0	0	35s	100	1	955
r	891	1255	10	10	0	0	35s	100	1	955
r	900	1257	10	10	0	0	35s	100	1	955
r	852	1253	10	10	0	0	35s	100	1	955
r	846	1256	10	10	0	0	35s	100	1	955
r	876	1254	10	10	0	0	35s	100	1	955
r	876	1253	10	10	0	0	35s	100	1	955
r	869	1253	10	10	0	0	35s	100	1	955
r	864	1254	10	10	0	0	35s	100	1	955
r	859	1257	10	10	0	0	35s	100	1	955
r	853	1254	10	10	0	0	35s	100	1	955
r	834	1256	10	10	0	0	35s	100	1	955
r	826	1256	10	10	0	0	35s	100	1	955
r	822	1248	10	10	0	0	35s	100	1	955
r	820	1240	10	10	0	0	35s	100	1	955
r	822	1228	10	10	0	0	35s	100	1	955
r	824	1222	10	10	0	0	35s	100	1	955
r	822	1205	10	10	0	0	35s	100	1	955
r	834	1194	10	10	0	0	35s	100	1	955
r	845	1193	10	10	0	0	35s	100	1	955
r	858	1203	10	10	0	0	35s	100	1	955
r	858	1216	10	10	0	0	35s	100	1	955
r	839	1224	10	10	0	0	35s	100	1	955
r	839	1229	10	10	0	0	35s	100	1	955
r	880	1217	10	10	0	0	35s	100	1	955
r	882	1194	10	10	0	0	35s	100	1	955
r	873	1180	10	10	0	0	35s	100	1	955
r	870	1177	10	10	0	0	35s	100	1	955
r	850	1176	10	10	0	0	35s	100	1	955
r	830	1176	10	10	0	0	35s	100	1	955
r	894	1180	10	10	0	0	35s	100	1	955
r	882	1176	10	10	0	0	35s	100	1	955
r	887	1176	10	10	0	0	35s	100	1	955
r	906	1179	10	10	0	0	35s	100	1	955
r	911	1188	10	10	0	0	35s	100	1	955
r	904	1198	10	10	0	0	35s	100	1	955
r	898	1198	10	10	0	0	35s	100	1	955
r	906	1210	10	10	0	0	35s	100	1	955
r	916	1219	10	10	0	0	35s	100	1	955
r	917	1225	10	10	0	0	35s	100	1	955
r	913	1234	10	10	0	0	35s	100	1	955
r	902	1217	10	10	0	0	35s	100	1	955
r	907	1230	10	10	0	0	35s	100	1	955
r	908	1248	10	10	0	0	35s	100	1	955
r	911	1254	10	10	0	0	35s	100	1	955
r	912	1257	10	10	0	0	35s	100	1	955
r	911	1210	10	10	0	0	35s	100	1	955
r	911	1186	10	10	0	0	35s	100	1	955
r	920	1214	10	10	0	0	35s	100	1	955
r	974	1214	10	10	0	0	35s	100	1	955
r	1002	1217	10	10	0	0	35s	100	1	955
r	989	1213	10	10	0	0	35s	100	1	955
r	947	1213	10	10	0	0	35s	100	1	955
r	947	1213	10	10	0	0	35s	100	1	955
r	938	1217	10	10	0	0	35s	100	1	955
r	948	1220	10	10	0	0	35s	100	1	955
r	1006	1219	10	10	0	0	35s	100	1	955
r	1047	1218	10	10	0	0	35s	100	1	955
r	1065	1218	10	10	0	0	35s	100	1	955
r	1087	1218	10	10	0	0	35s	100	1	955
r	1095	1218	10	10	0	0	35s	100	1	955
r	1094	1156	10	10	0	0	35s	100	1	955
r	1099	1122	10	10	0	0	35s	100	1	955
r	1097	1205	10	10	0	0	35s	100	1	955
r	1096	1240	10	10	0	0	35s	100	1	955
r	1100	1263	10	10	0	0	35s	100	1	955
r	1103	1285	10	10	0	0	35s	100	1	955
r	1107	1310	10	10	0	0	35s	100	1	955
r	1020	1452	10	10	0	0	35s	100	1	955
r	1017	1464	10	10	0	0	35s	100	1	955
r	1016	1480	10	10	0	0	35s	100	1	955
r	1005	1495	10	10	0	0	35s	100	1	955
r	1016	1445	10	10	0	0	35s	100	1	955
r	1040	1439	10	10	0	0	35s	100	1	955
r	1087	1444	10	10	0	0	35s	100	1	955
r	1212	1439	10	10	0	0	35s	100	1	955
r	1183	1437	10	10	0	0	35s	100	1	955
r	1131	1444	10	10	0	0	35s	100	1	955
r	1099	1444	10	10	0	0	35s	100	1	955
r	1081	1443	10	10	0	0	35s	100	1	955
r	1169	1437	10	10	0	0	35s	100	1	955
r	1153	1438	10	10	0	0	35s	100	1	955
r	1082	1430	10	10	0	0	35s	100	1	955
r	1089	1431	10	10	0	0	35s	100	1	955
r	1201	1438	10	10	0	0	35s	100	1	955
r	1286	1433	10	10	0	0	35s	100	1	955
r	1263	1431	10	10	0	0	35s	100	1	955
r	1259	1444	10	10	0	0	35s	100	1	955
r	1265	1455	10	10	0	0	35s	100	1	955
r	1279	1459	10	10	0	0	35s	100	1	955
r	1292	1444	10	10	0	0	35s	100	1	955
r	1256	1433	10	10	0	0	35s	100	1	955
r	1253	1449	10	10	0	0	35s	100	1	955
r	1278	1455	10	10	0	0	35s	100	1	955
r	1290	1446	10	10	0	0	35s	100	1	955
r	1283	1436	10	10	0	0	35s	100	1	955
r	1274	1431	10	10	0	0	35s	100	1	955
r	1273	1421	10	10	0	0	35s	100	1	955
r	1285	1419	10	10	0	0	35s	100	1	955
r	1298	1424	10	10	0	0	35s	100	1	955
r	1303	1439	10	10	0	0	35s	100	1	955
r	1298	1455	10	10	0	0	35s	100	1	955
r	1283	1459	10	10	0	0	35s	100	1	955
r	1260	1443	10	10	0	0	35s	100	1	955
r	1272	1481	10	10	0	0	35s	100	1	955
r	1272	1497	10	10	0	0	35s	100	1	955
r	1280	1517	10	10	0	0	35s	100	1	955
r	1283	1501	10	10	0	0	35s	100	1	955
r	1285	1488	10	10	0	0	35s	100	1	955
r	1284	1475	10	10	0	0	35s	100	1	955
r	1272	1446	10	10	0	0	35s	100	1	955
r	1271	1425	10	10	0	0	35s	100	1	955
r	1274	1399	10	10	0	0	35s	100	1	955
r	1277	1385	10	10	0	0	35s	100	1	955
r	1278	1365	10	10	0	0	35s	100	1	955
r	1280	1345	10	10	0	0	35s	100	1	955
r	1268	1298	10	10	0	0	35s	100	1	955
r	1243	1297	10	10	0	0	35s	100	1	955
r	1217	1299	10	10	0	0	35s	100	1	955
r	1186	1302	10	10	0	0	35s	100	1	955
r	1156	1304	10	10	0	0	35s	100	1	955
r	1134	1305	10	10	0	0	35s	100	1	955
r	1231	1305	10	10	0	0	35s	100	1	955
r	1269	1311	10	10	0	0	35s	100	1	955
r	1277	1314	10	10	0	0	35s	100	1	955
r	1281	1336	10	10	0	0	35s	100	1	955
r	1280	1352	10	10	0	0	35s	100	1	955
r	1274	1250	10	10	0	0	35s	100	1	955
r	1274	1236	10	10	0	0	35s	100	1	955
r	1280	1164	10	10	0	0	35s	100	1	955
r	1284	1144	10	10	0	0	35s	100	1	955
r	1281	1185	10	10	0	0	35s	100	1	955
r	1284	1201	10	10	0	0	35s	100	1	955
r	1283	1249	10	10	0	0	35s	100	1	955
r	1277	1267	10	10	0	0	35s	100	1	955
r	1273	1284	10	10	0	0	35s	100	1	955
r	1273	1303	10	10	0	0	35s	100	1	955
r	1277	1311	10	10	0	0	35s	100	1	955
r	1273	1142	10	10	0	0	35s	100	1	955
r	1250	1128	10	10	0	0	35s	100	1	955
r	1238	1126	10	10	0	0	35s	100	1	955
r	1218	1128	10	10	0	0	35s	100	1	955
r	1171	1127	10	10	0	0	35s	100	1	955
r	1134	1124	10	10	0	0	35s	100	1	955
r	1121	1124	10	10	0	0	35s	100	1	955
r	1107	1132	10	10	0	0	35s	100	1	955
r	1094	1161	10	10	0	0	35s	100	1	955
r	1089	1187	10	10	0	0	35s	100	1	955
r	1088	1198	10	10	0	0	35s	100	1	955
r	1096	1188	10	10	0	0	35s	100	1	955
r	1118	1121	10	10	0	0	35s	100	1	955
r	1163	1124	10	10	0	0	35s	100	1	955
r	1188	1130	10	10	0	0	35s	100	1	955
r	1204	1131	10	10	0	0	35s	100	1	955
r	1205	1131	10	10	0	0	35s	100	1	955
r	1150	1127	10	10	0	0	35s	100	1	955
r	1222	1125	10	10	0	0	35s	100	1	955
r	1256	1127	10	10	0	0	35s	100	1	955
r	1265	1131	10	10	0	0	35s	100	1	955
r	1393	1439	10	10	0	0	35s	100	1	955
r	1351	1438	10	10	0	0	35s	100	1	955
r	1329	1437	10	10	0	0	35s	100	1	955
r	1327	1437	10	10	0	0	35s	100	1	955
r	1377	1434	10	10	0	0	35s	100	1	955
r	1402	1434	10	10	0	0	35s	100	1	955
r	1430	1438	10	10	0	0	35s	100	1	955
r	1440	1433	10	10	0	0	35s	100	1	955
r	1421	1418	10	10	0	0	35s	100	1	955
r	1415	1454	10	10	0	0	35s	100	1	955
r	1419	1467	10	10	0	0	35s	100	1	955
r	1439	1467	10	10	0	0	35s	100	1	955
r	1446	1454	10	10	0	0	35s	100	1	955
r	1406	1439	10	10	0	0	35s	100	1	955
r	1418	1457	10	10	0	0	35s	100	1	955
r	1424	1488	10	10	0	0	35s	100	1	955
r	1426	1500	10	10	0	0	35s	100	1	955
r	1426	1510	10	10	0	0	35s	100	1	955
r	1424	1501	10	10	0	0	35s	100	1	955
r	1439	1449	10	10	0	0	35s	100	1	955
r	1498	1439	10	10	0	0	35s	100	1	955
r	1503	1439	10	10	0	0	35s	100	1	955
r	1480	1438	10	10	0	0	35s	100	1	955
r	1477	1438	10	10	0	0	35s	100	1	955
r	1464	1438	10	10	0	0	35s	100	1	955
r	1450	1438	10	10	0	0	35s	100	1	955
r	1436	1437	10	10	0	0	35s	100	1	955
r	1430	1424	10	10	0	0	35s	100	1	955
r	1425	1399	10	10	0	0	35s	100	1	955
r	1424	1381	10	10	0	0	35s	100	1	955
r	1422	1370	10	10	0	0	35s	100	1	955
r	1421	1351	10	10	0	0	35s	100	1	955
r	1424	1338	10	10	0	0	35s	100	1	955
r	1430	1335	10	10	0	0	35s	100	1	955
r	1450	1335	10	10	0	0	35s	100	1	955
r	1469	1336	10	10	0	0	35s	100	1	955
r	1483	1336	10	10	0	0	35s	100	1	955
r	1497	1335	10	10	0	0	35s	100	1	955
r	1504	1332	10	10	0	0	35s	100	1	955
r	1512	1289	10	10	0	0	35s	100	1	955
r	1514	1275	10	10	0	0	35s	100	1	955
r	1518	1262	10	10	0	0	35s	100	1	955
r	1518	1231	10	10	0	0	35s	100	1	955
r	1516	1173	10	10	0	0	35s	100	1	955
r	1511	1100	10	10	0	0	35s	100	1	955
r	1512	1078	10	10	0	0	35s	100	1	955
r	1509	1039	10	10	0	0	35s	100	1	955
r	1506	1035	10	10	0	0	35s	100	1	955
r	1486	1035	10	10	0	0	35s	100	1	955
r	1467	1035	10	10	0	0	35s	100	1	955
r	1451	1035	10	10	0	0	35s	100	1	955
r	1405	1034	10	10	0	0	35s	100	1	955
r	1399	1040	10	10	0	0	35s	100	1	955
r	1394	1064	10	10	0	0	35s	100	1	955
r	1391	1081	10	10	0	0	35s	100	1	955
r	1387	1104	10	10	0	0	35s	100	1	955
r	1387	1120	10	10	0	0	35s	100	1	955
r	1407	1125	10	10	0	0	35s	100	1	955
r	1458	1132	10	10	0	0	35s	100	1	955
r	1492	1132	10	10	0	0	35s	100	1	955
r	1503	1126	10	10	0	0	35s	100	1	955
r	1516	1130	10	10	0	0	35s	100	1	955
r	1510	1167	10	10	0	0	35s	100	1	955
r	1510	1174	10	10	0	0	35s	100	1	955
r	1428	1125	10	10	0	0	35s	100	1	955
r	1488	1122	10	10	0	0	35s	100	1	955
r	1431	1030	10	10	0	0	35s	100	1	955
r	1416	1030	10	10	0	0	35s	100	1	955
r	1397	1041	10	10	0	0	35s	100	1	955
r	1394	1060	10	10	0	0	35s	100	1	955
r	1394	1059	10	10	0	0	35s	100	1	955
r	1394	1004	10	10	0	0	35s	100	1	955
r	1396	965	10	10	0	0	35s	100	1	955
r	1396	936	10	10	0	0	35s	100	1	955
r	1397	919	10	10	0	0	35s	100	1	955
r	1399	918	10	10	0	0	35s	100	1	955
r	1406	922	10	10	0	0	35s	100	1	955
r	1391	916	10	10	0	0	35s	100	1	955
r	1388	928	10	10	0	0	35s	100	1	955
r	1406	930	10	10	0	0	35s	100	1	955
r	1464	924	10	10	0	0	35s	100	1	955
r	1477	923	10	10	0	0	35s	100	1	955
r	1487	922	10	10	0	0	35s	100	1	955
r	1517	925	10	10	0	0	35s	100	1	955
r	1516	924	10	10	0	0	35s	100	1	955
r	1449	917	10	10	0	0	35s	100	1	955
r	1426	918	10	10	0	0	35s	100	1	955
r	1414	914	10	10	0	0	35s	100	1	955
r	1396	894	10	10	0	0	35s	100	1	955
r	1394	859	10	10	0	0	35s	100	1	955
r	1396	839	10	10	0	0	35s	100	1	955
r	1400	806	10	10	0	0	35s	100	1	955
r	1400	790	10	10	0	0	35s	100	1	955
r	1397	781	10	10	0	0	35s	100	1	955
r	1395	775	10	10	0	0	35s	100	1	955
r	1394	775	10	10	0	0	35s	100	1	955
r	1414	785	10	10	0	0	35s	100	1	955
r	1428	788	10	10	0	0	35s	100	1	955
r	1456	785	10	10	0	0	35s	100	1	955
r	1487	783	10	10	0	0	35s	100	1	955
r	1499	781	10	10	0	0	35s	100	1	955
r	1509	773	10	10	0	0	35s	100	1	955
r	1509	755	10	10	0	0	35s	100	1	955
r	1504	726	10	10	0	0	35s	100	1	955
r	1499	679	10	10	0	0	35s	100	1	955
r	1497	653	10	10	0	0	35s	100	1	955
r	1497	624	10	10	0	0	35s	100	1	955
r	1499	601	10	10	0	0	35s	100	1	955
r	1501	575	10	10	0	0	35s	100	1	955
r	1503	544	10	10	0	0	35s	100	1	955
r	1503	528	10	10	0	0	35s	100	1	955
r	1503	527	10	10	0	0	35s	100	1	955
r	1504	576	10	10	0	0	35s	100	1	955
r	1511	614	10	10	0	0	35s	100	1	955
r	1499	524	10	10	0	0	35s	100	1	955
r	1483	518	10	10	0	0	35s	100	1	955
r	1500	513	10	10	0	0	35s	100	1	955
r	1510	519	10	10	0	0	35s	100	1	955
r	1510	532	10	10	0	0	35s	100	1	955
r	1471	526	10	10	0	0	35s	100	1	955
r	1427	518	10	10	0	0	35s	100	1	955
r	1414	518	10	10	0	0	35s	100	1	955
r	1390	516	10	10	0	0	35s	100	1	955
r	1379	520	10	10	0	0	35s	100	1	955
r	1382	537	10	10	0	0	35s	100	1	955
r	1399	527	10	10	0	0	35s	100	1	955
r	1399	521	10	10	0	0	35s	100	1	955
r	1454	528	10	10	0	0	35s	100	1	955
r	1467	528	10	10	0	0	35s	100	1	955
r	1468	527	10	10	0	0	35s	100	1	955
r	1397	532	10	10	0	0	35s	100	1	955
r	1395	556	10	10	0	0	35s	100	1	955
r	1395	604	10	10	0	0	35s	100	1	955
r	1389	625	10	10	0	0	35s	100	1	955
r	1384	644	10	10	0	0	35s	100	1	955
r	1382	667	10	10	0	0	35s	100	1	955
r	1365	678	10	10	0	0	35s	100	1	955
r	1296	675	10	10	0	0	35s	100	1	955
r	1263	673	10	10	0	0	35s	100	1	955
r	1236	669	10	10	0	0	35s	100	1	955
r	1238	687	10	10	0	0	35s	100	1	955
r	1253	675	10	10	0	0	35s	100	1	955
r	1246	660	10	10	0	0	35s	100	1	955
r	1246	679	10	10	0	0	35s	100	1	955
r	1244	698	10	10	0	0	35s	100	1	955
r	1243	728	10	10	0	0	35s	100	1	955
r	1243	743	10	10	0	0	35s	100	1	955
r	1243	766	10	10	0	0	35s	100	1	955
r	1243	785	10	10	0	0	35s	100	1	955
r	1244	815	10	10	0	0	35s	100	1	955
r	1248	867	10	10	0	0	35s	100	1	955
r	1248	901	10	10	0	0	35s	100	1	955
r	1248	882	10	10	0	0	35s	100	1	955
r	1248	853	10	10	0	0	35s	100	1	955
r	1248	831	10	10	0	0	35s	100	1	955
r	1252	803	10	10	0	0	35s	100	1	955
r	1254	777	10	10	0	0	35s	100	1	955
r	1256	752	10	10	0	0	35s	100	1	955
r	1257	724	10	10	0	0	35s	100	1	955
r	1257	700	10	10	0	0	35s	100	1	955
r	1255	680	10	10	0	0	35s	100	1	955
r	1254	678	10	10	0	0	35s	100	1	955
r	1254	678	10	10	0	0	35s	100	1	955
r	1249	736	10	10	0	0	35s	100	1	955
r	1256	859	10	10	0	0	35s	100	1	955
r	1248	902	10	10	0	0	35s	100	1	955
r	1241	920	10	10	0	0	35s	100	1	955
r	1234	926	10	10	0	0	35s	100	1	955
r	1244	938	10	10	0	0	35s	100	1	955
r	1263	928	10	10	0	0	35s	100	1	955
r	1256	917	10	10	0	0	35s	100	1	955
r	1252	924	10	10	0	0	35s	100	1	955
r	1336	924	10	10	0	0	35s	100	1	955
r	1350	929	10	10	0	0	35s	100	1	955
r	1370	925	10	10	0	0	35s	100	1	955
r	1347	922	10	10	0	0	35s	100	1	955
r	1305	919	10	10	0	0	35s	100	1	955
r	1296	919	10	10	0	0	35s	100	1	955
r	1293	922	10	10	0	0	35s	100	1	955
r	1339	920	10	10	0	0	35s	100	1	955
r	1266	922	10	10	0	0	35s	100	1	955
r	1249	931	10	10	0	0	35s	100	1	955
r	1244	957	10	10	0	0	35s	100	1	955
r	1240	987	10	10	0	0	35s	100	1	955
r	1244	1010	10	10	0	0	35s	100	1	955
r	1250	1028	10	10	0	0	35s	100	1	955
r	1254	1046	10	10	0	0	35s	100	1	955
r	1254	1042	10	10	0	0	35s	100	1	955
r	1241	997	10	10	0	0	35s	100	1	955
r	1240	977	10	10	0	0	35s	100	1	955
r	1248	965	10	10	0	0	35s	100	1	955
r	1248	956	10	10	0	0	35s	100	1	955
r	1244	954	10	10	0	0	35s	100	1	955
r	1219	941	10	10	0	0	35s	100	1	955
r	1214	925	10	10	0	0	35s	100	1	955
r	1186	926	10	10	0	0	35s	100	1	955
r	1158	931	10	10	0	0	35s	100	1	955
r	1137	932	10	10	0	0	35s	100	1	955
r	1095	924	10	10	0	0	35s	100	1	955
r	1110	665	10	10	0	0	35s	100	1	955
r	1106	686	10	10	0	0	35s	100	1	955
r	1107	723	10	10	0	0	35s	100	1	955
r	1101	824	10	10	0	0	35s	100	1	955
r	1099	857	10	10	0	0	35s	100	1	955
r	1099	892	10	10	0	0	35s	100	1	955
r	1100	924	10	10	0	0	35s	100	1	955
r	1104	926	10	10	0	0	35s	100	1	955
r	1091	783	10	10	0	0	35s	100	1	955
r	1088	705	10	10	0	0	35s	100	1	955
r	1099	667	10	10	0	0	35s	100	1	955
r	1108	663	10	10	0	0	35s	100	1	955
r	1137	668	10	10	0	0	35s	100	1	955
r	1169	673	10	10	0	0	35s	100	1	955
r	1193	671	10	10	0	0	35s	100	1	955
r	1224	667	10	10	0	0	35s	100	1	955
r	1232	666	10	10	0	0	35s	100	1	955
r	1170	662	10	10	0	0	35s	100	1	955
r	1103	684	10	10	0	0	35s	100	1	955
r	1104	729	10	10	0	0	35s	100	1	955
r	1121	767	10	10	0	0	35s	100	1	955
r	1116	790	10	10	0	0	35s	100	1	955
r	1110	816	10	10	0	0	35s	100	1	955
r	1103	847	10	10	0	0	35s	100	1	955
r	1110	895	10	10	0	0	35s	100	1	955
r	1106	942	10	10	0	0	35s	100	1	955
r	1091	965	10	10	0	0	35s	100	1	955
r	1088	984	10	10	0	0	35s	100	1	955
r	1089	997	10	10	0	0	35s	100	1	955
r	1077	1008	10	10	0	0	35s	100	1	955
r	1008	1000	10	10	0	0	35s	100	1	955
r	916	991	10	10	0	0	35s	100	1	955
r	898	993	10	10	0	0	35s	100	1	955
r	922	998	10	10	0	0	35s	100	1	955
r	968	1002	10	10	0	0	35s	100	1	955
r	987	1005	10	10	0	0	35s	100	1	955
r	1014	1005	10	10	0	0	35s	100	1	955
r	1046	1003	10	10	0	0	35s	100	1	955
r	1088	999	10	10	0	0	35s	100	1	955
r	1112	998	10	10	0	0	35s	100	1	955
r	1116	996	10	10	0	0	35s	100	1	955
r	1051	987	10	10	0	0	35s	100	1	955
r	1022	992	10	10	0	0	35s	100	1	955
r	990	991	10	10	0	0	35s	100	1	955
r	966	987	10	10	0	0	35s	100	1	955
r	942	986	10	10	0	0	35s	100	1	955
r	919	992	10	10	0	0	35s	100	1	955
r	894	985	10	10	0	0	35s	100	1	955
r	888	971	10	10	0	0	35s	100	1	955
r	883	956	10	10	0	0	35s	100	1	955
r	877	930	10	10	0	0	35s	100	1	955
r	877	907	10	10	0	0	35s	100	1	955
r	880	891	10	10	0	0	35s	100	1	955
r	883	868	10	10	0	0	35s	100	1	955
r	886	843	10	10	0	0	35s	100	1	955
r	882	820	10	10	0	0	35s	100	1	955
r	882	801	10	10	0	0	35s	100	1	955
r	880	788	10	10	0	0	35s	100	1	955
r	861	775	10	10	0	0	35s	100	1	955
r	831	769	10	10	0	0	35s	100	1	955
r	826	775	10	10	0	0	35s	100	1	955
r	798	779	10	10	0	0	35s	100	1	955
r	752	778	10	10	0	0	35s	100	1	955
r	706	783	10	10	0	0	35s	100	1	955
r	678	781	10	10	0	0	35s	100	1	955
r	654	778	10	10	0	0	35s	100	1	955
r	693	782	10	10	0	0	35s	100	1	955
r	770	778	10	10	0	0	35s	100	1	955
r	796	778	10	10	0	0	35s	100	1	955
r	824	773	10	10	0	0	35s	100	1	955
r	789	765	10	10	0	0	35s	100	1	955
r	806	773	10	10	0	0	35s	100	1	955
r	812	773	10	10	0	0	35s	100	1	955
r	801	757	10	10	0	0	35s	100	1	955
r	809	772	10	10	0	0	35s	100	1	955
r	822	776	10	10	0	0	35s	100	1	955
r	806	772	10	10	0	0	35s	100	1	955
r	686	771	10	10	0	0	35s	100	1	955
r	680	772	10	10	0	0	35s	100	1	955
r	748	777	10	10	0	0	35s	100	1	955
r	730	771	10	10	0	0	35s	100	1	955
r	643	742	10	10	0	0	35s	100	1	955
r	631	722	10	10	0	0	35s	100	1	955
r	632	675	10	10	0	0	35s	100	1	955
r	635	654	10	10	0	0	35s	100	1	955
r	631	651	10	10	0	0	35s	100	1	955
r	622	675	10	10	0	0	35s	100	1	955
r	636	679	10	10	0	0	35s	100	1	955
r	650	674	10	10	0	0	35s	100	1	955
r	479	683	10	10	0	0	35s	100	1	955
r	478	712	10	10	0	0	35s	100	1	955
r	481	723	10	10	0	0	35s	100	1	955
r	483	733	10	10	0	0	35s	100	1	955
r	485	732	10	10	0	0	35s	100	1	955
r	488	715	10	10	0	0	35s	100	1	955
r	488	683	10	10	0	0	35s	100	1	955
r	486	663	10	10	0	0	35s	100	1	955
r	484	641	10	10	0	0	35s	100	1	955
r	465	644	10	10	0	0	35s	100	1	955
r	459	657	10	10	0	0	35s	100	1	955
r	470	673	10	10	0	0	35s	100	1	955
r	495	667	10	10	0	0	35s	100	1	955
r	501	659	10	10	0	0	35s	100	1	955
r	502	650	10	10	0	0	35s	100	1	955
r	502	632	10	10	0	0	35s	100	1	955
r	477	622	10	10	0	0	35s	100	1	955
r	463	625	10	10	0	0	35s	100	1	955
r	491	629	10	10	0	0	35s	100	1	955
r	507	628	10	10	0	0	35s	100	1	955
r	514	647	10	10	0	0	35s	100	1	955
r	482	655	10	10	0	0	35s	100	1	955
r	478	637	10	10	0	0	35s	100	1	955
r	475	635	10	10	0	0	35s	100	1	955
r	476	661	10	10	0	0	35s	100	1	955
r	500	663	10	10	0	0	35s	100	1	955
r	504	655	10	10	0	0	35s	100	1	955
r	488	624	10	10	0	0	35s	100	1	955
r	485	599	10	10	0	0	35s	100	1	955
r	486	580	10	10	0	0	35s	100	1	955
r	486	577	10	10	0	0	35s	100	1	955
r	488	614	10	10	0	0	35s	100	1	955
r	500	642	10	10	0	0	35s	100	1	955
r	555	648	10	10	0	0	35s	100	1	955
r	559	645	10	10	0	0	35s	100	1	955
r	551	644	10	10	0	0	35s	100	1	955
r	530	645	10	10	0	0	35s	100	1	955
r	534	649	10	10	0	0	35s	100	1	955
r	507	667	10	10	0	0	35s	100	1	955
r	500	683	10	10	0	0	35s	100	1	955
r	488	696	10	10	0	0	35s	100	1	955
r	484	703	10	10	0	0	35s	100	1	955
r	453	647	10	10	0	0	35s	100	1	955
r	414	654	10	10	0	0	35s	100	1	955
r	399	651	10	10	0	0	35s	100	1	955
r	373	657	10	10	0	0	35s	100	1	955
r	363	650	10	10	0	0	35s	100	1	955
r	335	654	10	10	0	0	35s	100	1	955
r	318	654	10	10	0	0	35s	100	1	955
r	325	654	10	10	0	0	35s	100	1	955
r	384	655	10	10	0	0	35s	100	1	955
r	391	643	10	10	0	0	35s	100	1	955
r	386	600	10	10	0	0	35s	100	1	955
r	384	613	10	10	0	0	35s	100	1	955
r	386	644	10	10	0	0	35s	100	1	955
r	386	657	10	10	0	0	35s	100	1	955
r	386	675	10	10	0	0	35s	100	1	955
r	388	698	10	10	0	0	35s	100	1	955
r	390	702	10	10	0	0	35s	100	1	955
r	396	656	10	10	0	0	35s	100	1	955
r	418	655	10	10	0	0	35s	100	1	955
r	432	655	10	10	0	0	35s	100	1	955
r	668	681	10	10	0	0	35s	100	1	955
r	680	672	10	10	0	0	35s	100	1	955
r	703	671	10	10	0	0	35s	100	1	955
r	722	669	10	10	0	0	35s	100	1	955
r	769	667	10	10	0	0	35s	100	1	955
r	801	665	10	10	0	0	35s	100	1	955
r	824	659	10	10	0	0	35s	100	1	955
r	818	659	10	10	0	0	35s	100	1	955
r	803	657	10	10	0	0	35s	100	1	955
r	794	668	10	10	0	0	35s	100	1	955
r	800	685	10	10	0	0	35s	100	1	955
r	821	685	10	10	0	0	35s	100	1	955
r	826	683	10	10	0	0	35s	100	1	955
r	819	667	10	10	0	0	35s	100	1	955
r	804	667	10	10	0	0	35s	100	1	955
r	804	683	10	10	0	0	35s	100	1	955
r	819	686	10	10	0	0	35s	100	1	955
r	827	663	10	10	0	0	35s	100	1	955
r	809	661	10	10	0	0	35s	100	1	955
r	797	666	10	10	0	0	35s	100	1	955
r	822	654	10	10	0	0	35s	100	1	955
r	816	669	10	10	0	0	35s	100	1	955
r	804	673	10	10	0	0	35s	100	1	955
r	808	671	10	10	0	0	35s	100	1	955
r	824	671	10	10	0	0	35s	100	1	955
r	825	674	10	10	0	0	35s	100	1	955
r	813	775	10	10	0	0	35s	100	1	955
r	800	771	10	10	0	0	35s	100	1	955
r	814	770	10	10	0	0	35s	100	1	955
r	803	781	10	10	0	0	35s	100	1	955
r	803	789	10	10	0	0	35s	100	1	955
r	824	790	10	10	0	0	35s	100	1	955
r	827	778	10	10	0	0	35s	100	1	955
r	806	743	10	10	0	0	35s	100	1	955
r	807	694	10	10	0	0	35s	100	1	955
r	810	740	10	10	0	0	35s	100	1	955
r	819	667	10	10	0	0	35s	100	1	955
r	862	662	10	10	0	0	35s	100	1	955
r	887	663	10	10	0	0	35s	100	1	955
r	794	705	10	10	0	0	35s	100	1	955
r	808	722	10	10	0	0	35s	100	1	955
r	813	720	10	10	0	0	35s	100	1	955
r	819	754	10	10	0	0	35s	100	1	955
r	880	671	10	10	0	0	35s	100	1	955
r	846	674	10	10	0	0	35s	100	1	955
r	852	674	10	10	0	0	35s	100	1	955
r	907	675	10	10	0	0	35s	100	1	955
r	918	673	10	10	0	0	35s	100	1	955
r	944	672	10	10	0	0	35s	100	1	955
r	953	666	10	10	0	0	35s	100	1	955
r	957	660	10	10	0	0	35s	100	1	955
r	957	648	10	10	0	0	35s	100	1	955
r	957	638	10	10	0	0	35s	100	1	955
r	966	581	10	10	0	0	35s	100	1	955
r	960	559	10	10	0	0	35s	100	1	955
r	960	540	10	10	0	0	35s	100	1	955
r	962	522	10	10	0	0	35s	100	1	955
r	947	512	10	10	0	0	35s	100	1	955
r	938	519	10	10	0	0	35s	100	1	955
r	944	532	10	10	0	0	35s	100	1	955
r	961	533	10	10	0	0	35s	100	1	955
r	974	524	10	10	0	0	35s	100	1	955
r	967	506	10	10	0	0	35s	100	1	955
r	956	507	10	10	0	0	35s	100	1	955
r	966	520	10	10	0	0	35s	100	1	955
r	949	520	10	10	0	0	35s	100	1	955
r	919	520	10	10	0	0	35s	100	1	955
r	902	516	10	10	0	0	35s	100	1	955
r	883	516	10	10	0	0	35s	100	1	955
r	867	516	10	10	0	0	35s	100	1	955
r	849	516	10	10	0	0	35s	100	1	955
r	830	516	10	10	0	0	35s	100	1	955
r	815	512	10	10	0	0	35s	100	1	955
r	803	518	10	10	0	0	35s	100	1	955
r	797	536	10	10	0	0	35s	100	1	955
r	813	538	10	10	0	0	35s	100	1	955
r	825	525	10	10	0	0	35s	100	1	955
r	813	541	10	10	0	0	35s	100	1	955
r	813	552	10	10	0	0	35s	100	1	955
r	807	594	10	10	0	0	35s	100	1	955
r	803	637	10	10	0	0	35s	100	1	955
r	806	643	10	10	0	0	35s	100	1	955
r	814	593	10	10	0	0	35s	100	1	955
r	814	598	10	10	0	0	35s	100	1	955
r	776	536	10	10	0	0	35s	100	1	955
r	743	528	10	10	0	0	35s	100	1	955
r	710	521	10	10	0	0	35s	100	1	955
r	687	520	10	10	0	0	35s	100	1	955
r	662	519	10	10	0	0	35s	100	1	955
r	657	521	10	10	0	0	35s	100	1	955
r	888	818	10	10	0	0	35s	100	1	955
r	645	518	10	10	0	0	35s	100	1	955
r	638	515	10	10	0	0	35s	100	1	955
r	630	519	10	10	0	0	35s	100	1	955
r	630	534	10	10	0	0	35s	100	1	955
r	635	540	10	10	0	0	35s	100	1	955
r	641	538	10	10	0	0	35s	100	1	955
r	642	530	10	10	0	0	35s	100	1	955
r	626	530	10	10	0	0	35s	100	1	955
r	624	590	10	10	0	0	35s	100	1	955
r	618	608	10	10	0	0	35s	100	1	955
r	620	623	10	10	0	0	35s	100	1	955
r	629	634	10	10	0	0	35s	100	1	955
r	635	610	10	10	0	0	35s	100	1	955
r	636	586	10	10	0	0	35s	100	1	955
r	634	570	10	10	0	0	35s	100	1	955
r	634	550	10	10	0	0	35s	100	1	955
r	663	528	10	10	0	0	35s	100	1	955
r	690	526	10	10	0	0	35s	100	1	955
r	721	528	10	10	0	0	35s	100	1	955
r	752	524	10	10	0	0	35s	100	1	955
r	776	518	10	10	0	0	35s	100	1	955
r	800	515	10	10	0	0	35s	100	1	955
r	821	515	10	10	0	0	35s	100	1	955
r	819	502	10	10	0	0	35s	100	1	955
r	814	489	10	10	0	0	35s	100	1	955
r	809	466	10	10	0	0	35s	100	1	955
r	809	455	10	10	0	0	35s	100	1	955
r	808	432	10	10	0	0	35s	100	1	955
r	807	408	10	10	0	0	35s	100	1	955
r	819	402	10	10	0	0	35s	100	1	955
r	820	451	10	10	0	0	35s	100	1	955
r	820	458	10	10	0	0	35s	100	1	955
r	820	455	10	10	0	0	35s	100	1	955
r	826	386	10	10	0	0	35s	100	1	955
r	830	375	10	10	0	0	35s	100	1	955
r	831	375	10	10	0	0	35s	100	1	955
r	851	379	10	10	0	0	35s	100	1	955
r	905	384	10	10	0	0	35s	100	1	955
r	926	380	10	10	0	0	35s	100	1	955
r	947	379	10	10	0	0	35s	100	1	955
r	960	377	10	10	0	0	35s	100	1	955
r	957	384	10	10	0	0	35s	100	1	955
r	953	394	10	10	0	0	35s	100	1	955
r	953	416	10	10	0	0	35s	100	1	955
r	954	427	10	10	0	0	35s	100	1	955
r	954	451	10	10	0	0	35s	100	1	955
r	955	471	10	10	0	0	35s	100	1	955
r	957	481	10	10	0	0	35s	100	1	955
r	962	490	10	10	0	0	35s	100	1	955
r	968	424	10	10	0	0	35s	100	1	955
r	963	406	10	10	0	0	35s	100	1	955
r	961	411	10	10	0	0	35s	100	1	955
r	979	503	10	10	0	0	35s	100	1	955
r	989	515	10	10	0	0	35s	100	1	955
r	1042	524	10	10	0	0	35s	100	1	955
r	1067	524	10	10	0	0	35s	100	1	955
r	1082	522	10	10	0	0	35s	100	1	955
r	1083	524	10	10	0	0	35s	100	1	955
r	1023	522	10	10	0	0	35s	100	1	955
r	1008	525	10	10	0	0	35s	100	1	955
r	1004	530	10	10	0	0	35s	100	1	955
r	1042	532	10	10	0	0	35s	100	1	955
r	1096	528	10	10	0	0	35s	100	1	955
r	1115	524	10	10	0	0	35s	100	1	955
r	1116	522	10	10	0	0	35s	100	1	955
r	1104	528	10	10	0	0	35s	100	1	955
r	944	586	10	10	0	0	35s	100	1	955
r	948	596	10	10	0	0	35s	100	1	955
r	960	632	10	10	0	0	35s	100	1	955
r	962	622	10	10	0	0	35s	100	1	955
r	960	586	10	10	0	0	35s	100	1	955
r	956	579	10	10	0	0	35s	100	1	955
r	1106	503	10	10	0	0	35s	100	1	955
r	1109	471	10	10	0	0	35s	100	1	955
r	1107	458	10	10	0	0	35s	100	1	955
r	1102	422	10	10	0	0	35s	100	1	955
r	1100	416	10	10	0	0	35s	100	1	955
r	1088	464	10	10	0	0	35s	100	1	955
r	1097	473	10	10	0	0	35s	100	1	955
r	1103	453	10	10	0	0	35s	100	1	955
r	1103	432	10	10	0	0	35s	100	1	955
r	1106	410	10	10	0	0	35s	100	1	955
r	1106	391	10	10	0	0	35s	100	1	955
r	1102	356	10	10	0	0	35s	100	1	955
r	1100	329	10	10	0	0	35s	100	1	955
r	1101	311	10	10	0	0	35s	100	1	955
r	1103	306	10	10	0	0	35s	100	1	955
r	1095	302	10	10	0	0	35s	100	1	955
r	1029	302	10	10	0	0	35s	100	1	955
r	1016	302	10	10	0	0	35s	100	1	955
r	992	300	10	10	0	0	35s	100	1	955
r	969	300	10	10	0	0	35s	100	1	955
r	949	331	10	10	0	0	35s	100	1	955
r	950	348	10	10	0	0	35s	100	1	955
r	950	350	10	10	0	0	35s	100	1	955
r	953	324	10	10	0	0	35s	100	1	955
r	956	314	10	10	0	0	35s	100	1	955
r	997	306	10	10	0	0	35s	100	1	955
r	1064	302	10	10	0	0	35s	100	1	955
r	1082	302	10	10	0	0	35s	100	1	955
r	1118	302	10	10	0	0	35s	100	1	955
r	1121	302	10	10	0	0	35s	100	1	955
r	1097	306	10	10	0	0	35s	100	1	955
r	1097	316	10	10	0	0	35s	100	1	955
r	1114	319	10	10	0	0	35s	100	1	955
r	1109	294	10	10	0	0	35s	100	1	955
r	1099	308	10	10	0	0	35s	100	1	955
r	1109	347	10	10	0	0	35s	100	1	955
r	1083	546	10	10	0	0	35s	100	1	955
r	1099	520	10	10	0	0	35s	100	1	955
r	1096	526	10	10	0	0	35s	100	1	955
r	1101	534	10	10	0	0	35s	100	1	955
r	1110	540	10	10	0	0	35s	100	1	955
r	1121	536	10	10	0	0	35s	100	1	955
r	1124	525	10	10	0	0	35s	100	1	955
r	1119	508	10	10	0	0	35s	100	1	955
r	1101	507	10	10	0	0	35s	100	1	955
r	1094	515	10	10	0	0	35s	100	1	955
r	1091	531	10	10	0	0	35s	100	1	955
r	1093	539	10	10	0	0	35s	100	1	955
r	1096	547	10	10	0	0	35s	100	1	955
r	1119	544	10	10	0	0	35s	100	1	955
r	1115	518	10	10	0	0	35s	100	1	955
r	1100	516	10	10	0	0	35s	100	1	955
r	1089	519	10	10	0	0	35s	100	1	955
r	1085	545	10	10	0	0	35s	100	1	955
r	1107	608	10	10	0	0	35s	100	1	955
r	1108	622	10	10	0	0	35s	100	1	955
r	1110	607	10	10	0	0	35s	100	1	955
r	1101	614	10	10	0	0	35s	100	1	955
r	1101	637	10	10	0	0	35s	100	1	955
r	1107	632	10	10	0	0	35s	100	1	955
r	1107	577	10	10	0	0	35s	100	1	955
r	1103	563	10	10	0	0	35s	100	1	955
r	1100	571	10	10	0	0	35s	100	1	955
r	1179	521	10	10	0	0	35s	100	1	955
r	1210	521	10	10	0	0	35s	100	1	955
r	1246	526	10	10	0	0	35s	100	1	955
r	1256	526	10	10	0	0	35s	100	1	955
r	1155	516	10	10	0	0	35s	100	1	955
r	1148	518	10	10	0	0	35s	100	1	955
r	1240	525	10	10	0	0	35s	100	1	955
r	1295	525	10	10	0	0	35s	100	1	955
r	1323	521	10	10	0	0	35s	100	1	955
r	1326	521	10	10	0	0	35s	100	1	955
r	1310	514	10	10	0	0	35s	100	1	955
r	1315	526	10	10	0	0	35s	100	1	955
r	1329	530	10	10	0	0	35s	100	1	955
r	1334	518	10	10	0	0	35s	100	1	955
r	1317	520	10	10	0	0	35s	100	1	955
r	1332	476	10	10	0	0	35s	100	1	955
r	1332	461	10	10	0	0	35s	100	1	955
r	1330	440	10	10	0	0	35s	100	1	955
r	1328	423	10	10	0	0	35s	100	1	955
r	1324	393	10	10	0	0	35s	100	1	955
r	1320	360	10	10	0	0	35s	100	1	955
r	1321	324	10	10	0	0	35s	100	1	955
r	1323	308	10	10	0	0	35s	100	1	955
r	1320	290	10	10	0	0	35s	100	1	955
r	1310	300	10	10	0	0	35s	100	1	955
r	1303	306	10	10	0	0	35s	100	1	955
r	1304	317	10	10	0	0	35s	100	1	955
r	1320	319	10	10	0	0	35s	100	1	955
r	1327	316	10	10	0	0	35s	100	1	955
r	1324	295	10	10	0	0	35s	100	1	955
r	1317	294	10	10	0	0	35s	100	1	955
r	1312	310	10	10	0	0	35s	100	1	955
r	1326	314	10	10	0	0	35s	100	1	955
r	1334	296	10	10	0	0	35s	100	1	955
r	1333	317	10	10	0	0	35s	100	1	955
r	1277	305	10	10	0	0	35s	100	1	955
r	1261	305	10	10	0	0	35s	100	1	955
r	1219	300	10	10	0	0	35s	100	1	955
r	1181	295	10	10	0	0	35s	100	1	955
r	1161	295	10	10	0	0	35s	100	1	955
r	1140	296	10	10	0	0	35s	100	1	955
r	1139	306	10	10	0	0	35s	100	1	955
r	1293	307	10	10	0	0	35s	100	1	955
r	1341	305	10	10	0	0	35s	100	1	955
r	1428	304	10	10	0	0	35s	100	1	955
r	1443	302	10	10	0	0	35s	100	1	955
r	1431	301	10	10	0	0	35s	100	1	955
r	1425	307	10	10	0	0	35s	100	1	955
r	1412	311	10	10	0	0	35s	100	1	955
r	1413	326	10	10	0	0	35s	100	1	955
r	1433	326	10	10	0	0	35s	100	1	955
r	1439	325	10	10	0	0	35s	100	1	955
r	1440	323	10	10	0	0	35s	100	1	955
r	1416	311	10	10	0	0	35s	100	1	955
r	1415	311	10	10	0	0	35s	100	1	955
r	1432	287	10	10	0	0	35s	100	1	955
r	1450	299	10	10	0	0	35s	100	1	955
r	1443	311	10	10	0	0	35s	100	1	955
r	1428	316	10	10	0	0	35s	100	1	955
r	1421	293	10	10	0	0	35s	100	1	955
r	1415	292	10	10	0	0	35s	100	1	955
r	1376	298	10	10	0	0	35s	100	1	955
r	1361	302	10	10	0	0	35s	100	1	955
r	1350	304	10	10	0	0	35s	100	1	955
r	1390	304	10	10	0	0	35s	100	1	955
r	1342	669	10	10	0	0	35s	100	1	955
r	1311	665	10	10	0	0	35s	100	1	955
r	1292	662	10	10	0	0	35s	100	1	955
r	1283	666	10	10	0	0	35s	100	1	955
r	1507	467	10	10	0	0	35s	100	1	955
r	1506	449	10	10	0	0	35s	100	1	955
r	1504	421	10	10	0	0	35s	100	1	955
r	1499	390	10	10	0	0	35s	100	1	955
r	1495	367	10	10	0	0	35s	100	1	955
r	1498	344	10	10	0	0	35s	100	1	955
r	1499	325	10	10	0	0	35s	100	1	955
r	1499	314	10	10	0	0	35s	100	1	955
r	1495	307	10	10	0	0	35s	100	1	955
r	1476	305	10	10	0	0	35s	100	1	955
r	1474	302	10	10	0	0	35s	100	1	955
r	1501	305	10	10	0	0	35s	100	1	955
r	1505	328	10	10	0	0	35s	100	1	955
r	1511	406	10	10	0	0	35s	100	1	955
r	1513	432	10	10	0	0	35s	100	1	955
r	1503	472	10	10	0	0	35s	100	1	955
r	1492	481	10	10	0	0	35s	100	1	955
r	1495	497	10	10	0	0	35s	100	1	955
r	1498	515	10	10	0	0	35s	100	1	955
r	1494	424	10	10	0	0	35s	100	1	955
r	1493	402	10	10	0	0	35s	100	1	955
r	1504	369	10	10	0	0	35s	100	1	955
r	1509	354	10	10	0	0	35s	100	1	955
r	1335	240	10	10	0	0	35s	100	1	955
r	1320	271	10	10	0	0	35s	100	1	955
r	1322	274	10	10	0	0	35s	100	1	955
r	1318	257	10	10	0	0	35s	100	1	955
r	1317	221	10	10	0	0	35s	100	1	955
r	1317	203	10	10	0	0	35s	100	1	955
r	1316	178	10	10	0	0	35s	100	1	955
r	1321	164	10	10	0	0	35s	100	1	955
r	1327	139	10	10	0	0	35s	100	1	955
r	1333	127	10	10	0	0	35s	100	1	955
r	1364	126	10	10	0	0	35s	100	1	955
r	1409	128	10	10	0	0	35s	100	1	955
r	1424	127	10	10	0	0	35s	100	1	955
r	1437	126	10	10	0	0	35s	100	1	955
r	1434	196	10	10	0	0	35s	100	1	955
r	1437	234	10	10	0	0	35s	100	1	955
r	1442	261	10	10	0	0	35s	100	1	955
r	1442	282	10	10	0	0	35s	100	1	955
r	1436	293	10	10	0	0	35s	100	1	955
r	1430	241	10	10	0	0	35s	100	1	955
r	1428	218	10	10	0	0	35s	100	1	955
r	1428	183	10	10	0	0	35s	100	1	955
r	1427	159	10	10	0	0	35s	100	1	955
r	1428	136	10	10	0	0	35s	100	1	955
r	1428	117	10	10	0	0	35s	100	1	955
r	1425	118	10	10	0	0	35s	100	1	955
r	1314	117	10	10	0	0	35s	100	1	955
r	1310	123	10	10	0	0	35s	100	1	955
r	1309	131	10	10	0	0	35s	100	1	955
r	1314	141	10	10	0	0	35s	100	1	955
r	1316	141	10	10	0	0	35s	100	1	955
r	1327	143	10	10	0	0	35s	100	1	955
r	1335	139	10	10	0	0	35s	100	1	955
r	1338	121	10	10	0	0	35s	100	1	955
r	1330	116	10	10	0	0	35s	100	1	955
r	1318	120	10	10	0	0	35s	100	1	955
r	1321	134	10	10	0	0	35s	100	1	955
r	1327	130	10	10	0	0	35s	100	1	955
r	1329	115	10	10	0	0	35s	100	1	955
r	1320	112	10	10	0	0	35s	100	1	955
r	1302	111	10	10	0	0	35s	100	1	955
r	1297	112	10	10	0	0	35s	100	1	955
r	1301	131	10	10	0	0	35s	100	1	955
r	1308	143	10	10	0	0	35s	100	1	955
r	1327	147	10	10	0	0	35s	100	1	955
r	1345	140	10	10	0	0	35s	100	1	955
r	1346	124	10	10	0	0	35s	100	1	955
r	1339	112	10	10	0	0	35s	100	1	955
r	1322	111	10	10	0	0	35s	100	1	955
r	1318	111	10	10	0	0	35s	100	1	955
r	1318	78	10	10	0	0	35s	100	1	955
r	1321	74	10	10	0	0	35s	100	1	955
r	1312	75	10	10	0	0	35s	100	1	955
r	1312	122	10	10	0	0	35s	100	1	955
r	1255	121	10	10	0	0	35s	100	1	955
r	1244	118	10	10	0	0	35s	100	1	955
r	1236	116	10	10	0	0	35s	100	1	955
r	1285	122	10	10	0	0	35s	100	1	955
r	1314	126	10	10	0	0	35s	100	1	955
r	1249	121	10	10	0	0	35s	100	1	955
r	1213	121	10	10	0	0	35s	100	1	955
r	1177	121	10	10	0	0	35s	100	1	955
r	1159	123	10	10	0	0	35s	100	1	955
r	1120	106	10	10	0	0	35s	100	1	955
r	1116	105	10	10	0	0	35s	100	1	955
r	1104	104	10	10	0	0	35s	100	1	955
r	1097	114	10	10	0	0	35s	100	1	955
r	1097	134	10	10	0	0	35s	100	1	955
r	1110	149	10	10	0	0	35s	100	1	955
r	1125	141	10	10	0	0	35s	100	1	955
r	1126	128	10	10	0	0	35s	100	1	955
r	1110	124	10	10	0	0	35s	100	1	955
r	1118	134	10	10	0	0	35s	100	1	955
r	1139	137	10	10	0	0	35s	100	1	955
r	1144	141	10	10	0	0	35s	100	1	955
r	1144	128	10	10	0	0	35s	100	1	955
r	1138	110	10	10	0	0	35s	100	1	955
r	1130	109	10	10	0	0	35s	100	1	955
r	1134	117	10	10	0	0	35s	100	1	955
r	1133	105	10	10	0	0	35s	100	1	955
r	1125	117	10	10	0	0	35s	100	1	955
r	1186	130	10	10	0	0	35s	100	1	955
r	1193	131	10	10	0	0	35s	100	1	955
r	1177	127	10	10	0	0	35s	100	1	955
r	1108	98	10	10	0	0	35s	100	1	955
r	1121	61	10	10	0	0	35s	100	1	955
r	1122	56	10	10	0	0	35s	100	1	955
r	1124	93	10	10	0	0	35s	100	1	955
r	1127	122	10	10	0	0	35s	100	1	955
r	1127	140	10	10	0	0	35s	100	1	955
r	1127	170	10	10	0	0	35s	100	1	955
r	1122	183	10	10	0	0	35s	100	1	955
r	1122	190	10	10	0	0	35s	100	1	955
r	1113	153	10	10	0	0	35s	100	1	955
r	1116	142	10	10	0	0	35s	100	1	955
r	1130	130	10	10	0	0	35s	100	1	955
r	1130	129	10	10	0	0	35s	100	1	955
r	1108	120	10	10	0	0	35s	100	1	955
r	1119	123	10	10	0	0	35s	100	1	955
r	1015	118	10	10	0	0	35s	100	1	955
r	1047	120	10	10	0	0	35s	100	1	955
r	1067	123	10	10	0	0	35s	100	1	955
r	1078	123	10	10	0	0	35s	100	1	955
r	1082	123	10	10	0	0	35s	100	1	955
r	1065	123	10	10	0	0	35s	100	1	955
r	984	124	10	10	0	0	35s	100	1	955
r	968	121	10	10	0	0	35s	100	1	955
r	934	116	10	10	0	0	35s	100	1	955
r	918	116	10	10	0	0	35s	100	1	955
r	891	117	10	10	0	0	35s	100	1	955
r	893	131	10	10	0	0	35s	100	1	955
r	902	142	10	10	0	0	35s	100	1	955
r	912	143	10	10	0	0	35s	100	1	955
r	922	140	10	10	0	0	35s	100	1	955
r	911	127	10	10	0	0	35s	100	1	955
r	901	123	10	10	0	0	35s	100	1	955
r	906	99	10	10	0	0	35s	100	1	955
r	925	99	10	10	0	0	35s	100	1	955
r	935	108	10	10	0	0	35s	100	1	955
r	935	124	10	10	0	0	35s	100	1	955
r	931	143	10	10	0	0	35s	100	1	955
r	907	133	10	10	0	0	35s	100	1	955
r	895	130	10	10	0	0	35s	100	1	955
r	922	145	10	10	0	0	35s	100	1	955
r	943	139	10	10	0	0	35s	100	1	955
r	943	135	10	10	0	0	35s	100	1	955
r	931	126	10	10	0	0	35s	100	1	955
r	920	127	10	10	0	0	35s	100	1	955
r	916	124	10	10	0	0	35s	100	1	955
r	916	100	10	10	0	0	35s	100	1	955
r	907	102	10	10	0	0	35s	100	1	955
r	902	110	10	10	0	0	35s	100	1	955
r	920	123	10	10	0	0	35s	100	1	955
r	924	117	10	10	0	0	35s	100	1	955
r	914	108	10	10	0	0	35s	100	1	955
r	906	117	10	10	0	0	35s	100	1	955
r	930	123	10	10	0	0	35s	100	1	955
r	920	112	10	10	0	0	35s	100	1	955
r	911	85	10	10	0	0	35s	100	1	955
r	914	68	10	10	0	0	35s	100	1	955
r	918	49	10	10	0	0	35s	100	1	955
r	918	60	10	10	0	0	35s	100	1	955
r	935	116	10	10	0	0	35s	100	1	955
r	993	127	10	10	0	0	35s	100	1	955
r	1022	126	10	10	0	0	35s	100	1	955
r	1048	127	10	10	0	0	35s	100	1	955
r	1055	128	10	10	0	0	35s	100	1	955
r	928	145	10	10	0	0	35s	100	1	955
r	934	167	10	10	0	0	35s	100	1	955
r	928	178	10	10	0	0	35s	100	1	955
r	917	179	10	10	0	0	35s	100	1	955
r	917	192	10	10	0	0	35s	100	1	955
r	917	197	10	10	0	0	35s	100	1	955
r	918	201	10	10	0	0	35s	100	1	955
r	914	161	10	10	0	0	35s	100	1	955
r	842	123	10	10	0	0	35s	100	1	955
r	873	120	10	10	0	0	35s	100	1	955
r	881	120	10	10	0	0	35s	100	1	955
r	886	120	10	10	0	0	35s	100	1	955
r	857	120	10	10	0	0	35s	100	1	955
r	850	122	10	10	0	0	35s	100	1	955
r	864	130	10	10	0	0	35s	100	1	955
r	844	128	10	10	0	0	35s	100	1	955
r	820	122	10	10	0	0	35s	100	1	955
r	814	115	10	10	0	0	35s	100	1	955
r	813	104	10	10	0	0	35s	100	1	955
r	816	71	10	10	0	0	35s	100	1	955
r	814	71	10	10	0	0	35s	100	1	955
r	808	92	10	10	0	0	35s	100	1	955
r	803	99	10	10	0	0	35s	100	1	955
r	800	118	10	10	0	0	35s	100	1	955
r	804	127	10	10	0	0	35s	100	1	955
r	816	128	10	10	0	0	35s	100	1	955
r	827	121	10	10	0	0	35s	100	1	955
r	814	117	10	10	0	0	35s	100	1	955
r	809	139	10	10	0	0	35s	100	1	955
r	832	136	10	10	0	0	35s	100	1	955
r	853	127	10	10	0	0	35s	100	1	955
r	814	134	10	10	0	0	35s	100	1	955
r	807	154	10	10	0	0	35s	100	1	955
r	806	164	10	10	0	0	35s	100	1	955
r	807	178	10	10	0	0	35s	100	1	955
r	813	182	10	10	0	0	35s	100	1	955
r	814	145	10	10	0	0	35s	100	1	955
r	813	167	10	10	0	0	35s	100	1	955
r	813	192	10	10	0	0	35s	100	1	955
r	813	215	10	10	0	0	35s	100	1	955
r	814	231	10	10	0	0	35s	100	1	955
r	822	245	10	10	0	0	35s	100	1	955
r	849	244	10	10	0	0	35s	100	1	955
r	886	241	10	10	0	0	35s	100	1	955
r	913	245	10	10	0	0	35s	100	1	955
r	919	250	10	10	0	0	35s	100	1	955
r	910	268	10	10	0	0	35s	100	1	955
r	906	282	10	10	0	0	35s	100	1	955
r	904	298	10	10	0	0	35s	100	1	955
r	904	306	10	10	0	0	35s	100	1	955
r	800	126	10	10	0	0	35s	100	1	955
r	787	128	10	10	0	0	35s	100	1	955
r	749	124	10	10	0	0	35s	100	1	955
r	722	123	10	10	0	0	35s	100	1	955
r	705	123	10	10	0	0	35s	100	1	955
r	687	127	10	10	0	0	35s	100	1	955
r	644	126	10	10	0	0	35s	100	1	955
r	637	124	10	10	0	0	35s	100	1	955
r	618	120	10	10	0	0	35s	100	1	955
r	629	142	10	10	0	0	35s	100	1	955
r	645	141	10	10	0	0	35s	100	1	955
r	648	137	10	10	0	0	35s	100	1	955
r	632	131	10	10	0	0	35s	100	1	955
r	612	127	10	10	0	0	35s	100	1	955
r	622	111	10	10	0	0	35s	100	1	955
r	642	106	10	10	0	0	35s	100	1	955
r	653	111	10	10	0	0	35s	100	1	955
r	656	127	10	10	0	0	35s	100	1	955
r	650	134	10	10	0	0	35s	100	1	955
r	635	131	10	10	0	0	35s	100	1	955
r	642	117	10	10	0	0	35s	100	1	955
r	654	100	10	10	0	0	35s	100	1	955
r	648	72	10	10	0	0	35s	100	1	955
r	645	71	10	10	0	0	35s	100	1	955
r	640	98	10	10	0	0	35s	100	1	955
r	643	105	10	10	0	0	35s	100	1	955
r	657	117	10	10	0	0	35s	100	1	955
r	665	116	10	10	0	0	35s	100	1	955
r	657	116	10	10	0	0	35s	100	1	955
r	637	160	10	10	0	0	35s	100	1	955
r	638	160	10	10	0	0	35s	100	1	955
r	638	177	10	10	0	0	35s	100	1	955
r	638	197	10	10	0	0	35s	100	1	955
r	638	213	10	10	0	0	35s	100	1	955
r	638	231	10	10	0	0	35s	100	1	955
r	636	262	10	10	0	0	35s	100	1	955
r	638	284	10	10	0	0	35s	100	1	955
r	641	293	10	10	0	0	35s	100	1	955
r	643	288	10	10	0	0	35s	100	1	955
r	642	256	10	10	0	0	35s	100	1	955
r	641	240	10	10	0	0	35s	100	1	955
r	641	222	10	10	0	0	35s	100	1	955
r	643	198	10	10	0	0	35s	100	1	955
r	645	176	10	10	0	0	35s	100	1	955
r	645	169	10	10	0	0	35s	100	1	955
r	645	191	10	10	0	0	35s	100	1	955
r	655	294	10	10	0	0	35s	100	1	955
r	649	299	10	10	0	0	35s	100	1	955
r	643	299	10	10	0	0	35s	100	1	955
r	694	299	10	10	0	0	35s	100	1	955
r	724	299	10	10	0	0	35s	100	1	955
r	755	299	10	10	0	0	35s	100	1	955
r	763	305	10	10	0	0	35s	100	1	955
r	760	323	10	10	0	0	35s	100	1	955
r	760	342	10	10	0	0	35s	100	1	955
r	763	348	10	10	0	0	35s	100	1	955
r	766	347	10	10	0	0	35s	100	1	955
r	761	304	10	10	0	0	35s	100	1	955
r	742	296	10	10	0	0	35s	100	1	955
r	717	295	10	10	0	0	35s	100	1	955
r	681	294	10	10	0	0	35s	100	1	955
r	668	294	10	10	0	0	35s	100	1	955
r	659	298	10	10	0	0	35s	100	1	955
r	675	304	10	10	0	0	35s	100	1	955
r	711	302	10	10	0	0	35s	100	1	955
r	656	296	10	10	0	0	35s	100	1	955
r	620	295	10	10	0	0	35s	100	1	955
r	599	294	10	10	0	0	35s	100	1	955
r	576	295	10	10	0	0	35s	100	1	955
r	602	301	10	10	0	0	35s	100	1	955
r	625	300	10	10	0	0	35s	100	1	955
r	636	301	10	10	0	0	35s	100	1	955
r	641	322	10	10	0	0	35s	100	1	955
r	642	342	10	10	0	0	35s	100	1	955
r	640	354	10	10	0	0	35s	100	1	955
r	641	365	10	10	0	0	35s	100	1	955
r	637	332	10	10	0	0	35s	100	1	955
r	629	385	10	10	0	0	35s	100	1	955
r	624	393	10	10	0	0	35s	100	1	955
r	618	396	10	10	0	0	35s	100	1	955
r	623	426	10	10	0	0	35s	100	1	955
r	644	424	10	10	0	0	35s	100	1	955
r	651	411	10	10	0	0	35s	100	1	955
r	636	392	10	10	0	0	35s	100	1	955
r	624	405	10	10	0	0	35s	100	1	955
r	632	414	10	10	0	0	35s	100	1	955
r	655	410	10	10	0	0	35s	100	1	955
r	654	392	10	10	0	0	35s	100	1	955
r	651	385	10	10	0	0	35s	100	1	955
r	625	387	10	10	0	0	35s	100	1	955
r	641	393	10	10	0	0	35s	100	1	955
r	663	386	10	10	0	0	35s	100	1	955
r	671	404	10	10	0	0	35s	100	1	955
r	647	408	10	10	0	0	35s	100	1	955
r	638	398	10	10	0	0	35s	100	1	955
r	628	398	10	10	0	0	35s	100	1	955
r	613	420	10	10	0	0	35s	100	1	955
r	620	420	10	10	0	0	35s	100	1	955
r	637	422	10	10	0	0	35s	100	1	955
r	650	420	10	10	0	0	35s	100	1	955
r	656	410	10	10	0	0	35s	100	1	955
r	648	391	10	10	0	0	35s	100	1	955
r	702	405	10	10	0	0	35s	100	1	955
r	709	404	10	10	0	0	35s	100	1	955
r	717	402	10	10	0	0	35s	100	1	955
r	691	397	10	10	0	0	35s	100	1	955
r	651	397	10	10	0	0	35s	100	1	955
r	607	398	10	10	0	0	35s	100	1	955
r	582	397	10	10	0	0	35s	100	1	955
r	555	398	10	10	0	0	35s	100	1	955
r	531	400	10	10	0	0	35s	100	1	955
r	524	411	10	10	0	0	35s	100	1	955
r	521	432	10	10	0	0	35s	100	1	955
r	521	457	10	10	0	0	35s	100	1	955
r	521	501	10	10	0	0	35s	100	1	955
r	521	522	10	10	0	0	35s	100	1	955
r	518	525	10	10	0	0	35s	100	1	955
r	508	442	10	10	0	0	35s	100	1	955
r	546	402	10	10	0	0	35s	100	1	955
r	522	399	10	10	0	0	35s	100	1	955
r	514	398	10	10	0	0	35s	100	1	955
r	528	116	10	10	0	0	35s	100	1	955
r	547	116	10	10	0	0	35s	100	1	955
r	570	116	10	10	0	0	35s	100	1	955
r	581	116	10	10	0	0	35s	100	1	955
r	588	122	10	10	0	0	35s	100	1	955
r	556	123	10	10	0	0	35s	100	1	955
r	525	121	10	10	0	0	35s	100	1	955
r	519	120	10	10	0	0	35s	100	1	955
r	596	126	10	10	0	0	35s	100	1	955
r	596	124	10	10	0	0	35s	100	1	955
r	576	128	10	10	0	0	35s	100	1	955
r	552	129	10	10	0	0	35s	100	1	955
r	520	129	10	10	0	0	35s	100	1	955
