m	280	590	10	10	0	0	60s	100	1	8026
m	129	684	10	10	0	0	60s	100	1	8026
m	339	124	10	10	0	0	60s	100	1	8027
m	690	102	10	10	0	0	60s	100	1	8027
m	613	712	10	10	0	0	60s	100	1	8027
m	706	648	10	10	0	0	60s	100	1	8027
m	451	693	10	10	0	0	60s	100	1	8027
m	378	660	10	10	0	0	60s	100	1	8027
m	287	672	10	10	0	0	60s	100	1	8027
m	318	613	10	10	0	0	60s	100	1	8027
m	409	548	10	10	0	0	60s	100	1	8027
m	502	249	10	10	0	0	60s	100	1	8027
m	199	683	10	10	0	0	60s	100	1	8027
m	117	706	10	10	0	0	60s	100	1	8027
m	70	586	10	10	0	0	60s	100	1	8027
m	79	483	10	10	0	0	60s	100	1	8027
m	41	417	10	10	0	0	60s	100	1	8027
m	45	333	10	10	0	0	60s	100	1	8026
m	45	272	10	10	0	0	60s	100	1	8026
m	35	179	10	10	0	0	60s	100	1	8026
m	39	101	10	10	0	0	60s	100	1	8026
m	87	61	10	10	0	0	60s	100	1	8026
m	134	225	10	10	0	0	60s	100	1	8026
m	120	299	10	10	0	0	60s	100	1	8026
m	154	371	10	10	0	0	60s	100	1	8026
m	208	449	10	10	0	0	60s	100	1	8027
m	277	350	10	10	0	0	60s	100	1	8027
m	266	455	10	10	0	0	60s	100	1	8027
m	301	480	10	10	0	0	60s	100	1	8027
m	478	448	10	10	0	0	60s	100	1	8027
m	586	451	10	10	0	0	60s	100	1	8027
m	462	406	10	10	0	0	60s	100	1	8027
m	444	324	10	10	0	0	60s	100	1	8027
m	344	259	10	10	0	0	60s	100	1	8027
m	239	281	10	10	0	0	60s	100	1	8027
m	291	222	10	10	0	0	60s	100	1	8027
m	308	100	10	10	0	0	60s	100	1	8027
m	255	36	10	10	0	0	60s	100	1	8027
m	351	63	10	10	0	0	60s	100	1	8027
m	438	166	10	10	0	0	60s	100	1	8027
m	497	148	10	10	0	0	60s	100	1	8027
m	599	245	10	10	0	0	60s	100	1	8027
m	566	270	10	10	0	0	60s	100	1	8027
m	529	82	10	10	0	0	60s	100	1	8027
m	491	71	10	10	0	0	60s	100	1	8027
m	655	309	10	10	0	0	60s	100	1	8027
m	711	292	10	10	0	0	60s	100	1	8027
m	717	175	10	10	0	0	60s	100	1	8027
m	693	64	10	10	0	0	60s	100	1	8027
m	686	89	10	10	0	0	60s	100	1	8027
m	705	108	10	10	0	0	60s	100	1	8027
m	713	88	10	10	0	0	60s	100	1	8027
m	711	63	10	10	0	0	60s	100	1	8027
m	478	672	10	10	0	0	60s	100	1	8026
m	463	637	10	10	0	0	60s	100	1	8026
m	539	702	10	10	0	0	60s	100	1	8026
m	550	654	10	10	0	0	60s	100	1	8026
m	343	721	10	10	0	0	60s	100	1	8026
m	296	725	10	10	0	0	60s	100	1	8026
m	304	672	10	10	0	0	60s	100	1	8026
m	288	632	10	10	0	0	60s	100	1	8026
m	349	644	10	10	0	0	60s	100	1	8026
m	332	599	10	10	0	0	60s	100	1	8026
m	328	545	10	10	0	0	60s	100	1	8026
m	379	518	10	10	0	0	60s	100	1	8026
m	444	657	10	10	0	0	60s	100	1	8026
m	411	626	10	10	0	0	60s	100	1	8026
m	380	637	10	10	0	0	60s	100	1	8026
m	316	571	10	10	0	0	60s	100	1	8026
m	307	539	10	10	0	0	60s	100	1	8026
m	358	522	10	10	0	0	60s	100	1	8026
m	411	513	10	10	0	0	60s	100	1	8026
m	457	518	10	10	0	0	60s	100	1	8027
m	449	554	10	10	0	0	60s	100	1	8026
m	371	554	10	10	0	0	60s	100	1	8026
m	334	569	10	10	0	0	60s	100	1	8026
m	278	651	10	10	0	0	60s	100	1	8026
m	272	615	10	10	0	0	60s	100	1	8026
m	261	582	10	10	0	0	60s	100	1	8026
m	266	550	10	10	0	0	60s	100	1	8027
m	290	525	10	10	0	0	60s	100	1	8026
m	512	666	10	10	0	0	60s	100	1	8026
m	489	623	10	10	0	0	60s	100	1	8027
m	571	671	10	10	0	0	60s	100	1	8027
m	567	626	10	10	0	0	60s	100	1	8026
m	601	669	10	10	0	0	60s	100	1	8026
m	581	696	10	10	0	0	60s	100	1	8026
m	588	647	10	10	0	0	60s	100	1	8026
m	647	699	10	10	0	0	60s	100	1	8026
m	660	657	10	10	0	0	60s	100	1	8026
m	195	506	10	10	0	0	60s	100	1	8026
m	171	472	10	10	0	0	60s	100	1	8026
m	181	421	10	10	0	0	60s	100	1	8027
m	126	433	10	10	0	0	60s	100	1	8026
m	76	395	10	10	0	0	60s	100	1	8026
m	135	372	10	10	0	0	60s	100	1	8026
m	97	336	10	10	0	0	60s	100	1	8026
m	108	302	10	10	0	0	60s	100	1	8027
m	96	257	10	10	0	0	60s	100	1	8026
m	129	241	10	10	0	0	60s	100	1	8026
m	97	187	10	10	0	0	60s	100	1	8027
m	257	269	10	10	0	0	60s	100	1	8026
m	253	297	10	10	0	0	60s	100	1	8026
m	245	248	10	10	0	0	60s	100	1	8026
m	306	241	10	10	0	0	60s	100	1	8026
m	311	204	10	10	0	0	60s	100	1	8026
m	355	275	10	10	0	0	60s	100	1	8026
m	322	281	10	10	0	0	60s	100	1	8026
m	391	146	10	10	0	0	60s	100	1	8026
m	352	157	10	10	0	0	60s	100	1	8026
m	332	42	10	10	0	0	60s	100	1	8026
m	303	84	10	10	0	0	60s	100	1	8026
m	292	103	10	10	0	0	60s	100	1	8026
m	288	70	10	10	0	0	60s	100	1	8027
m	272	155	10	10	0	0	60s	100	1	8026
m	197	209	10	10	0	0	60s	100	1	8026
m	206	325	10	10	0	0	60s	100	1	8026
m	197	251	10	10	0	0	60s	100	1	8027
m	103	443	10	10	0	0	60s	100	1	8026
m	128	398	10	10	0	0	60s	100	1	8026
m	90	532	10	10	0	0	60s	100	1	8026
m	54	477	10	10	0	0	60s	100	1	8027
m	94	647	10	10	0	0	60s	100	1	8027
m	62	678	10	10	0	0	60s	100	1	8027
m	61	724	10	10	0	0	60s	100	1	8027
m	113	704	10	10	0	0	60s	100	1	8027
m	121	654	10	10	0	0	60s	100	1	8027
m	92	672	10	10	0	0	60s	100	1	8027
m	70	624	10	10	0	0	60s	100	1	8027
m	131	623	10	10	0	0	60s	100	1	8027
m	162	675	10	10	0	0	60s	100	1	8027
m	101	626	10	10	0	0	60s	100	1	8027
m	121	602	10	10	0	0	60s	100	1	8027
m	105	553	10	10	0	0	60s	100	1	8027
m	129	664	10	10	0	0	60s	100	1	8027
m	116	636	10	10	0	0	60s	100	1	8027
m	86	648	10	10	0	0	60s	100	1	8027
m	67	640	10	10	0	0	60s	100	1	8027
m	59	617	10	10	0	0	60s	100	1	8027
m	53	626	10	10	0	0	60s	100	1	8027
m	59	658	10	10	0	0	60s	100	1	8027
m	53	689	10	10	0	0	60s	100	1	8027
m	104	713	10	10	0	0	60s	100	1	8027
m	111	691	10	10	0	0	60s	100	1	8027
m	111	682	10	10	0	0	60s	100	1	8027
m	129	706	10	10	0	0	60s	100	1	8027
m	153	649	10	10	0	0	60s	100	1	8027
m	107	611	10	10	0	0	60s	100	1	8027
m	83	572	10	10	0	0	60s	100	1	8027
m	62	529	10	10	0	0	60s	100	1	8027
m	87	552	10	10	0	0	60s	100	1	8027
m	76	563	10	10	0	0	60s	100	1	8027
m	87	506	10	10	0	0	60s	100	1	8027
m	77	491	10	10	0	0	60s	100	1	8027
m	43	470	10	10	0	0	60s	100	1	8027
m	40	448	10	10	0	0	60s	100	1	8027
m	49	423	10	10	0	0	60s	100	1	8027
m	65	433	10	10	0	0	60s	100	1	8027
m	85	464	10	10	0	0	60s	100	1	8027
m	119	480	10	10	0	0	60s	100	1	8027
m	148	473	10	10	0	0	60s	100	1	8027
m	151	507	10	10	0	0	60s	100	1	8027
m	160	541	10	10	0	0	60s	100	1	8027
m	175	562	10	10	0	0	60s	100	1	8027
m	206	562	10	10	0	0	60s	100	1	8027
m	211	559	10	10	0	0	60s	100	1	8027
m	216	489	10	10	0	0	60s	100	1	8027
m	208	480	10	10	0	0	60s	100	1	8027
m	179	461	10	10	0	0	60s	100	1	8027
m	166	437	10	10	0	0	60s	100	1	8027
m	187	426	10	10	0	0	60s	100	1	8027
m	193	436	10	10	0	0	60s	100	1	8027
m	108	406	10	10	0	0	60s	100	1	8027
m	99	409	10	10	0	0	60s	100	1	8027
m	139	374	10	10	0	0	60s	100	1	8027
m	110	350	10	10	0	0	60s	100	1	8027
m	92	347	10	10	0	0	60s	100	1	8027
m	105	323	10	10	0	0	60s	100	1	8027
m	126	319	10	10	0	0	60s	100	1	8027
m	82	308	10	10	0	0	60s	100	1	8027
m	122	288	10	10	0	0	60s	100	1	8027
m	142	282	10	10	0	0	60s	100	1	8027
m	101	258	10	10	0	0	60s	100	1	8027
m	79	240	10	10	0	0	60s	100	1	8027
m	99	219	10	10	0	0	60s	100	1	8027
m	133	225	10	10	0	0	60s	100	1	8027
m	79	239	10	10	0	0	60s	100	1	8027
m	59	216	10	10	0	0	60s	100	1	8027
m	71	188	10	10	0	0	60s	100	1	8027
m	107	184	10	10	0	0	60s	100	1	8027
m	102	202	10	10	0	0	60s	100	1	8027
m	73	200	10	10	0	0	60s	100	1	8027
m	120	224	10	10	0	0	60s	100	1	8027
m	129	230	10	10	0	0	60s	100	1	8027
m	129	262	10	10	0	0	60s	100	1	8027
m	154	252	10	10	0	0	60s	100	1	8027
m	172	313	10	10	0	0	60s	100	1	8027
m	157	335	10	10	0	0	60s	100	1	8027
m	132	366	10	10	0	0	60s	100	1	8027
m	151	377	10	10	0	0	60s	100	1	8027
m	165	396	10	10	0	0	60s	100	1	8027
m	102	391	10	10	0	0	60s	100	1	8027
m	98	360	10	10	0	0	60s	100	1	8027
m	173	418	10	10	0	0	60s	100	1	8027
m	206	469	10	10	0	0	60s	100	1	8027
m	294	546	10	10	0	0	60s	100	1	8027
m	294	597	10	10	0	0	60s	100	1	8027
m	322	606	10	10	0	0	60s	100	1	8027
m	354	547	10	10	0	0	60s	100	1	8027
m	317	549	10	10	0	0	60s	100	1	8027
m	403	541	10	10	0	0	60s	100	1	8027
m	427	547	10	10	0	0	60s	100	1	8027
m	408	535	10	10	0	0	60s	100	1	8027
m	262	632	10	10	0	0	60s	100	1	8027
m	319	692	10	10	0	0	60s	100	1	8027
m	328	703	10	10	0	0	60s	100	1	8027
m	313	732	10	10	0	0	60s	100	1	8027
m	380	715	10	10	0	0	60s	100	1	8027
m	292	694	10	10	0	0	60s	100	1	8027
m	256	701	10	10	0	0	60s	100	1	8027
m	236	695	10	10	0	0	60s	100	1	8027
m	230	686	10	10	0	0	60s	100	1	8027
m	203	672	10	10	0	0	60s	100	1	8027
m	176	661	10	10	0	0	60s	100	1	8027
m	181	639	10	10	0	0	60s	100	1	8027
m	173	632	10	10	0	0	60s	100	1	8027
m	175	683	10	10	0	0	60s	100	1	8027
m	181	700	10	10	0	0	60s	100	1	8027
m	141	704	10	10	0	0	60s	100	1	8027
m	128	713	10	10	0	0	60s	100	1	8027
m	92	719	10	10	0	0	60s	100	1	8027
m	71	710	10	10	0	0	60s	100	1	8027
m	70	686	10	10	0	0	60s	100	1	8027
m	79	676	10	10	0	0	60s	100	1	8027
m	116	676	10	10	0	0	60s	100	1	8027
m	448	651	10	10	0	0	60s	100	1	8027
m	514	649	10	10	0	0	60s	100	1	8027
m	485	682	10	10	0	0	60s	100	1	8027
m	439	701	10	10	0	0	60s	100	1	8027
m	433	694	10	10	0	0	60s	100	1	8027
m	514	689	10	10	0	0	60s	100	1	8027
m	575	700	10	10	0	0	60s	100	1	8027
m	617	701	10	10	0	0	60s	100	1	8027
m	645	694	10	10	0	0	60s	100	1	8027
m	655	682	10	10	0	0	60s	100	1	8027
m	630	670	10	10	0	0	60s	100	1	8027
m	523	673	10	10	0	0	60s	100	1	8027
m	538	697	10	10	0	0	60s	100	1	8027
m	620	703	10	10	0	0	60s	100	1	8027
m	679	675	10	10	0	0	60s	100	1	8027
m	678	681	10	10	0	0	60s	100	1	8027
m	615	718	10	10	0	0	60s	100	1	8027
m	592	716	10	10	0	0	60s	100	1	8027
m	553	713	10	10	0	0	60s	100	1	8027
m	528	712	10	10	0	0	60s	100	1	8027
m	516	700	10	10	0	0	60s	100	1	8027
m	485	685	10	10	0	0	60s	100	1	8027
m	479	649	10	10	0	0	60s	100	1	8027
m	477	642	10	10	0	0	60s	100	1	8027
m	513	657	10	10	0	0	60s	100	1	8027
m	568	672	10	10	0	0	60s	100	1	8027
m	603	670	10	10	0	0	60s	100	1	8027
m	614	669	10	10	0	0	60s	100	1	8027
m	595	654	10	10	0	0	60s	100	1	8027
m	621	672	10	10	0	0	60s	100	1	8027
m	612	692	10	10	0	0	60s	100	1	8027
m	556	685	10	10	0	0	60s	100	1	8027
m	560	676	10	10	0	0	60s	100	1	8027
m	632	445	10	10	0	0	60s	100	1	8027
m	593	445	10	10	0	0	60s	100	1	8027
m	553	452	10	10	0	0	60s	100	1	8027
m	516	451	10	10	0	0	60s	100	1	8027
m	500	440	10	10	0	0	60s	100	1	8027
m	503	424	10	10	0	0	60s	100	1	8027
m	577	420	10	10	0	0	60s	100	1	8027
m	599	428	10	10	0	0	60s	100	1	8027
m	629	437	10	10	0	0	60s	100	1	8027
m	646	430	10	10	0	0	60s	100	1	8027
m	534	406	10	10	0	0	60s	100	1	8027
m	497	421	10	10	0	0	60s	100	1	8027
m	452	443	10	10	0	0	60s	100	1	8027
m	397	439	10	10	0	0	60s	100	1	8027
m	378	427	10	10	0	0	60s	100	1	8027
m	372	423	10	10	0	0	60s	100	1	8027
m	359	396	10	10	0	0	60s	100	1	8027
m	345	380	10	10	0	0	60s	100	1	8027
m	320	374	10	10	0	0	60s	100	1	8027
m	285	368	10	10	0	0	60s	100	1	8027
m	274	387	10	10	0	0	60s	100	1	8027
m	292	424	10	10	0	0	60s	100	1	8027
m	337	442	10	10	0	0	60s	100	1	8027
m	362	443	10	10	0	0	60s	100	1	8027
m	310	402	10	10	0	0	60s	100	1	8027
m	351	434	10	10	0	0	60s	100	1	8027
m	449	464	10	10	0	0	60s	100	1	8027
m	445	466	10	10	0	0	60s	100	1	8027
m	374	461	10	10	0	0	60s	100	1	8027
m	369	463	10	10	0	0	60s	100	1	8027
m	408	464	10	10	0	0	60s	100	1	8027
m	471	467	10	10	0	0	60s	100	1	8027
m	513	464	10	10	0	0	60s	100	1	8027
m	553	457	10	10	0	0	60s	100	1	8027
m	556	448	10	10	0	0	60s	100	1	8027
m	529	424	10	10	0	0	60s	100	1	8027
m	473	415	10	10	0	0	60s	100	1	8027
m	434	412	10	10	0	0	60s	100	1	8027
m	503	391	10	10	0	0	60s	100	1	8027
m	492	378	10	10	0	0	60s	100	1	8027
m	451	383	10	10	0	0	60s	100	1	8027
m	510	393	10	10	0	0	60s	100	1	8027
m	562	405	10	10	0	0	60s	100	1	8027
m	566	409	10	10	0	0	60s	100	1	8027
m	603	405	10	10	0	0	60s	100	1	8027
m	632	412	10	10	0	0	60s	100	1	8027
m	658	437	10	10	0	0	60s	100	1	8027
m	660	445	10	10	0	0	60s	100	1	8027
m	608	452	10	10	0	0	60s	100	1	8027
m	528	458	10	10	0	0	60s	100	1	8027
m	437	461	10	10	0	0	60s	100	1	8027
m	377	461	10	10	0	0	60s	100	1	8027
m	317	458	10	10	0	0	60s	100	1	8027
m	298	467	10	10	0	0	60s	100	1	8027
m	292	440	10	10	0	0	60s	100	1	8027
m	282	396	10	10	0	0	60s	100	1	8027
m	249	377	10	10	0	0	60s	100	1	8027
m	271	411	10	10	0	0	60s	100	1	8027
m	277	445	10	10	0	0	60s	100	1	8027
m	255	469	10	10	0	0	60s	100	1	8027
m	215	497	10	10	0	0	60s	100	1	8027
m	209	532	10	10	0	0	60s	100	1	8027
m	221	543	10	10	0	0	60s	100	1	8027
m	239	519	10	10	0	0	60s	100	1	8027
m	243	477	10	10	0	0	60s	100	1	8027
m	231	482	10	10	0	0	60s	100	1	8027
m	234	469	10	10	0	0	60s	100	1	8027
m	254	460	10	10	0	0	60s	100	1	8027
m	218	443	10	10	0	0	60s	100	1	8027
m	188	420	10	10	0	0	60s	100	1	8027
m	212	417	10	10	0	0	60s	100	1	8027
m	199	403	10	10	0	0	60s	100	1	8027
m	171	390	10	10	0	0	60s	100	1	8027
m	165	369	10	10	0	0	60s	100	1	8027
m	147	348	10	10	0	0	60s	100	1	8027
m	130	344	10	10	0	0	60s	100	1	8027
m	123	342	10	10	0	0	60s	100	1	8027
m	111	365	10	10	0	0	60s	100	1	8027
m	98	393	10	10	0	0	60s	100	1	8027
m	218	222	10	10	0	0	60s	100	1	8027
m	215	277	10	10	0	0	60s	100	1	8027
m	222	302	10	10	0	0	60s	100	1	8027
m	228	326	10	10	0	0	60s	100	1	8027
m	261	322	10	10	0	0	60s	100	1	8027
m	243	295	10	10	0	0	60s	100	1	8027
m	256	280	10	10	0	0	60s	100	1	8027
m	234	265	10	10	0	0	60s	100	1	8027
m	236	222	10	10	0	0	60s	100	1	8027
m	209	197	10	10	0	0	60s	100	1	8027
m	203	160	10	10	0	0	60s	100	1	8027
m	237	163	10	10	0	0	60s	100	1	8027
m	240	188	10	10	0	0	60s	100	1	8027
m	265	160	10	10	0	0	60s	100	1	8027
m	268	132	10	10	0	0	60s	100	1	8027
m	254	119	10	10	0	0	60s	100	1	8027
m	243	71	10	10	0	0	60s	100	1	8027
m	245	47	10	10	0	0	60s	100	1	8027
m	288	37	10	10	0	0	60s	100	1	8027
m	313	52	10	10	0	0	60s	100	1	8027
m	308	73	10	10	0	0	60s	100	1	8027
m	298	85	10	10	0	0	60s	100	1	8027
m	307	108	10	10	0	0	60s	100	1	8027
m	320	113	10	10	0	0	60s	100	1	8027
m	317	129	10	10	0	0	60s	100	1	8027
m	285	108	10	10	0	0	60s	100	1	8027
m	282	85	10	10	0	0	60s	100	1	8027
m	302	71	10	10	0	0	60s	100	1	8027
m	314	76	10	10	0	0	60s	100	1	8027
m	316	79	10	10	0	0	60s	100	1	8027
m	351	61	10	10	0	0	60s	100	1	8027
m	353	87	10	10	0	0	60s	100	1	8027
m	340	111	10	10	0	0	60s	100	1	8027
m	332	129	10	10	0	0	60s	100	1	8027
m	331	153	10	10	0	0	60s	100	1	8027
m	340	171	10	10	0	0	60s	100	1	8027
m	357	178	10	10	0	0	60s	100	1	8027
m	363	160	10	10	0	0	60s	100	1	8027
m	406	130	10	10	0	0	60s	100	1	8027
m	418	135	10	10	0	0	60s	100	1	8027
m	405	162	10	10	0	0	60s	100	1	8027
m	391	173	10	10	0	0	60s	100	1	8027
m	390	197	10	10	0	0	60s	100	1	8027
m	380	211	10	10	0	0	60s	100	1	8027
m	365	225	10	10	0	0	60s	100	1	8027
m	353	231	10	10	0	0	60s	100	1	8027
m	338	227	10	10	0	0	60s	100	1	8027
m	340	208	10	10	0	0	60s	100	1	8027
m	375	200	10	10	0	0	60s	100	1	8027
m	329	203	10	10	0	0	60s	100	1	8027
m	302	219	10	10	0	0	60s	100	1	8027
m	320	246	10	10	0	0	60s	100	1	8027
m	334	256	10	10	0	0	60s	100	1	8027
m	338	261	10	10	0	0	60s	100	1	8027
m	308	276	10	10	0	0	60s	100	1	8027
m	400	225	10	10	0	0	60s	100	1	8027
m	417	242	10	10	0	0	60s	100	1	8027
m	396	259	10	10	0	0	60s	100	1	8027
m	381	276	10	10	0	0	60s	100	1	8027
m	354	326	10	10	0	0	60s	100	1	8027
m	365	340	10	10	0	0	60s	100	1	8027
m	372	335	10	10	0	0	60s	100	1	8027
m	356	316	10	10	0	0	60s	100	1	8027
m	366	350	10	10	0	0	60s	100	1	8027
m	362	368	10	10	0	0	60s	100	1	8027
m	299	371	10	10	0	0	60s	100	1	8027
m	286	363	10	10	0	0	60s	100	1	8027
m	325	399	10	10	0	0	60s	100	1	8027
m	371	381	10	10	0	0	60s	100	1	8027
m	420	304	10	10	0	0	60s	100	1	8027
m	420	331	10	10	0	0	60s	100	1	8027
m	442	338	10	10	0	0	60s	100	1	8027
m	463	320	10	10	0	0	60s	100	1	8027
m	458	313	10	10	0	0	60s	100	1	8027
m	414	304	10	10	0	0	60s	100	1	8027
m	418	328	10	10	0	0	60s	100	1	8027
m	437	338	10	10	0	0	60s	100	1	8027
m	428	285	10	10	0	0	60s	100	1	8027
m	411	213	10	10	0	0	60s	100	1	8027
m	426	225	10	10	0	0	60s	100	1	8027
m	421	254	10	10	0	0	60s	100	1	8027
m	421	248	10	10	0	0	60s	100	1	8027
m	430	159	10	10	0	0	60s	100	1	8027
m	479	199	10	10	0	0	60s	100	1	8027
m	479	227	10	10	0	0	60s	100	1	8027
m	480	243	10	10	0	0	60s	100	1	8027
m	454	194	10	10	0	0	60s	100	1	8027
m	464	227	10	10	0	0	60s	100	1	8027
m	452	190	10	10	0	0	60s	100	1	8027
m	463	203	10	10	0	0	60s	100	1	8027
m	471	221	10	10	0	0	60s	100	1	8027
m	473	202	10	10	0	0	60s	100	1	8027
m	460	171	10	10	0	0	60s	100	1	8027
m	442	162	10	10	0	0	60s	100	1	8027
m	436	181	10	10	0	0	60s	100	1	8027
m	474	222	10	10	0	0	60s	100	1	8027
m	482	246	10	10	0	0	60s	100	1	8027
m	507	289	10	10	0	0	60s	100	1	8027
m	513	276	10	10	0	0	60s	100	1	8027
m	529	268	10	10	0	0	60s	100	1	8027
m	562	237	10	10	0	0	60s	100	1	8027
m	547	211	10	10	0	0	60s	100	1	8027
m	510	197	10	10	0	0	60s	100	1	8027
m	523	213	10	10	0	0	60s	100	1	8027
m	512	245	10	10	0	0	60s	100	1	8027
m	540	259	10	10	0	0	60s	100	1	8027
m	556	240	10	10	0	0	60s	100	1	8027
m	563	270	10	10	0	0	60s	100	1	8027
m	580	265	10	10	0	0	60s	100	1	8027
m	578	295	10	10	0	0	60s	100	1	8027
m	586	277	10	10	0	0	60s	100	1	8027
m	581	233	10	10	0	0	60s	100	1	8027
m	581	205	10	10	0	0	60s	100	1	8027
m	537	184	10	10	0	0	60s	100	1	8027
m	520	160	10	10	0	0	60s	100	1	8027
m	497	145	10	10	0	0	60s	100	1	8027
m	457	130	10	10	0	0	60s	100	1	8027
m	442	128	10	10	0	0	60s	100	1	8027
m	482	168	10	10	0	0	60s	100	1	8027
m	516	172	10	10	0	0	60s	100	1	8027
m	543	182	10	10	0	0	60s	100	1	8027
m	562	156	10	10	0	0	60s	100	1	8027
m	572	165	10	10	0	0	60s	100	1	8027
m	575	203	10	10	0	0	60s	100	1	8027
m	575	224	10	10	0	0	60s	100	1	8027
m	569	246	10	10	0	0	60s	100	1	8027
m	563	277	10	10	0	0	60s	100	1	8027
m	595	285	10	10	0	0	60s	100	1	8027
m	609	273	10	10	0	0	60s	100	1	8027
m	603	283	10	10	0	0	60s	100	1	8027
m	608	308	10	10	0	0	60s	100	1	8027
m	618	314	10	10	0	0	60s	100	1	8027
m	606	279	10	10	0	0	60s	100	1	8027
m	593	225	10	10	0	0	60s	100	1	8027
m	592	225	10	10	0	0	60s	100	1	8027
m	590	285	10	10	0	0	60s	100	1	8027
m	593	292	10	10	0	0	60s	100	1	8027
m	620	285	10	10	0	0	60s	100	1	8027
m	635	225	10	10	0	0	60s	100	1	8027
m	638	265	10	10	0	0	60s	100	1	8027
m	639	280	10	10	0	0	60s	100	1	8027
m	640	295	10	10	0	0	60s	100	1	8027
m	655	305	10	10	0	0	60s	100	1	8027
m	642	239	10	10	0	0	60s	100	1	8027
m	635	310	10	10	0	0	60s	100	1	8027
m	627	332	10	10	0	0	60s	100	1	8027
m	633	332	10	10	0	0	60s	100	1	8027
m	685	305	10	10	0	0	60s	100	1	8027
m	681	248	10	10	0	0	60s	100	1	8027
m	692	304	10	10	0	0	60s	100	1	8027
m	695	313	10	10	0	0	60s	100	1	8027
m	673	256	10	10	0	0	60s	100	1	8027
m	681	255	10	10	0	0	60s	100	1	8027
m	692	271	10	10	0	0	60s	100	1	8027
m	695	256	10	10	0	0	60s	100	1	8027
m	716	319	10	10	0	0	60s	100	1	8027
m	710	329	10	10	0	0	60s	100	1	8027
m	701	329	10	10	0	0	60s	100	1	8027
m	681	311	10	10	0	0	60s	100	1	8027
m	676	280	10	10	0	0	60s	100	1	8027
m	676	262	10	10	0	0	60s	100	1	8027
m	669	248	10	10	0	0	60s	100	1	8027
m	654	225	10	10	0	0	60s	100	1	8027
m	654	213	10	10	0	0	60s	100	1	8027
m	621	211	10	10	0	0	60s	100	1	8027
m	623	254	10	10	0	0	60s	100	1	8027
m	646	276	10	10	0	0	60s	100	1	8027
m	649	270	10	10	0	0	60s	100	1	8027
m	640	236	10	10	0	0	60s	100	1	8027
m	646	295	10	10	0	0	60s	100	1	8027
m	642	323	10	10	0	0	60s	100	1	8027
m	584	316	10	10	0	0	60s	100	1	8027
m	574	297	10	10	0	0	60s	100	1	8027
m	592	326	10	10	0	0	60s	100	1	8027
m	603	325	10	10	0	0	60s	100	1	8027
m	648	331	10	10	0	0	60s	100	1	8027
m	658	334	10	10	0	0	60s	100	1	8027
m	661	329	10	10	0	0	60s	100	1	8027
m	633	286	10	10	0	0	60s	100	1	8027
m	629	258	10	10	0	0	60s	100	1	8027
m	642	242	10	10	0	0	60s	100	1	8027
m	691	264	10	10	0	0	60s	100	1	8027
m	689	279	10	10	0	0	60s	100	1	8027
m	681	299	10	10	0	0	60s	100	1	8027
m	678	301	10	10	0	0	60s	100	1	8027
m	686	311	10	10	0	0	60s	100	1	8027
m	698	331	10	10	0	0	60s	100	1	8027
m	715	326	10	10	0	0	60s	100	1	8027
m	722	317	10	10	0	0	60s	100	1	8027
m	722	289	10	10	0	0	60s	100	1	8027
m	719	273	10	10	0	0	60s	100	1	8027
m	713	270	10	10	0	0	60s	100	1	8027
m	707	271	10	10	0	0	60s	100	1	8027
m	707	292	10	10	0	0	60s	100	1	8027
m	716	304	10	10	0	0	60s	100	1	8027
m	719	311	10	10	0	0	60s	100	1	8027
m	725	270	10	10	0	0	60s	100	1	8027
m	729	280	10	10	0	0	60s	100	1	8027
m	731	313	10	10	0	0	60s	100	1	8027
m	724	322	10	10	0	0	60s	100	1	8027
m	713	334	10	10	0	0	60s	100	1	8027
m	695	338	10	10	0	0	60s	100	1	8027
m	685	340	10	10	0	0	60s	100	1	8027
m	675	316	10	10	0	0	60s	100	1	8027
m	672	294	10	10	0	0	60s	100	1	8027
m	670	268	10	10	0	0	60s	100	1	8027
m	681	268	10	10	0	0	60s	100	1	8027
m	719	185	10	10	0	0	60s	100	1	8027
m	728	211	10	10	0	0	60s	100	1	8027
m	721	193	10	10	0	0	60s	100	1	8027
m	718	184	10	10	0	0	60s	100	1	8027
m	719	224	10	10	0	0	60s	100	1	8027
m	721	222	10	10	0	0	60s	100	1	8027
m	718	228	10	10	0	0	60s	100	1	8027
m	715	213	10	10	0	0	60s	100	1	8027
m	721	249	10	10	0	0	60s	100	1	8027
m	721	261	10	10	0	0	60s	100	1	8027
m	715	301	10	10	0	0	60s	100	1	8027
m	713	308	10	10	0	0	60s	100	1	8027
m	716	283	10	10	0	0	60s	100	1	8027
m	715	320	10	10	0	0	60s	100	1	8027
m	724	175	10	10	0	0	60s	100	1	8027
m	726	144	10	10	0	0	60s	100	1	8027
m	709	122	10	10	0	0	60s	100	1	8027
m	688	114	10	10	0	0	60s	100	1	8027
m	678	80	10	10	0	0	60s	100	1	8027
m	682	68	10	10	0	0	60s	100	1	8027
m	700	61	10	10	0	0	60s	100	1	8027
m	713	85	10	10	0	0	60s	100	1	8027
m	695	90	10	10	0	0	60s	100	1	8027
m	689	71	10	10	0	0	60s	100	1	8027
m	692	62	10	10	0	0	60s	100	1	8027
m	698	50	10	10	0	0	60s	100	1	8027
m	718	65	10	10	0	0	60s	100	1	8027
m	700	47	10	10	0	0	60s	100	1	8027
m	701	58	10	10	0	0	60s	100	1	8027
m	701	86	10	10	0	0	60s	100	1	8027
m	710	95	10	10	0	0	60s	100	1	8027
m	716	73	10	10	0	0	60s	100	1	8027
m	724	108	10	10	0	0	60s	100	1	8027
m	721	117	10	10	0	0	60s	100	1	8027
m	713	125	10	10	0	0	60s	100	1	8027
m	698	87	10	10	0	0	60s	100	1	8027
m	729	95	10	10	0	0	60s	100	1	8027
m	725	99	10	10	0	0	60s	100	1	8027
m	722	95	10	10	0	0	60s	100	1	8027
m	712	67	10	10	0	0	60s	100	1	8027
m	706	65	10	10	0	0	60s	100	1	8027
m	703	85	10	10	0	0	60s	100	1	8027
m	712	98	10	10	0	0	60s	100	1	8027
m	713	111	10	10	0	0	60s	100	1	8027
m	691	74	10	10	0	0	60s	100	1	8027
m	707	58	10	10	0	0	60s	100	1	8027
m	709	43	10	10	0	0	60s	100	1	8027
m	692	46	10	10	0	0	60s	100	1	8027
m	682	53	10	10	0	0	60s	100	1	8027
m	678	80	10	10	0	0	60s	100	1	8027
m	488	67	10	10	0	0	60s	100	1	8027
m	467	73	10	10	0	0	60s	100	1	8027
m	446	73	10	10	0	0	60s	100	1	8027
m	463	74	10	10	0	0	60s	100	1	8027
m	506	98	10	10	0	0	60s	100	1	8027
m	480	105	10	10	0	0	60s	100	1	8027
m	464	98	10	10	0	0	60s	100	1	8027
m	507	116	10	10	0	0	60s	100	1	8027
m	457	117	10	10	0	0	60s	100	1	8027
m	489	157	10	10	0	0	60s	100	1	8027
m	506	160	10	10	0	0	60s	100	1	8027
m	516	166	10	10	0	0	60s	100	1	8027
m	517	171	10	10	0	0	60s	100	1	8027
m	460	123	10	10	0	0	60s	100	1	8027
m	452	116	10	10	0	0	60s	100	1	8027
m	469	123	10	10	0	0	60s	100	1	8027
m	522	153	10	10	0	0	60s	100	1	8027
m	538	151	10	10	0	0	60s	100	1	8027
m	535	168	10	10	0	0	60s	100	1	8027
m	510	159	10	10	0	0	60s	100	1	8027
m	485	128	10	10	0	0	60s	100	1	8027
m	476	123	10	10	0	0	60s	100	1	8027
m	394	153	10	10	0	0	60s	100	1	8027
m	387	178	10	10	0	0	60s	100	1	8027
m	380	202	10	10	0	0	60s	100	1	8027
m	282	231	10	10	0	0	60s	100	1	8027
m	202	262	10	10	0	0	60s	100	1	8027
m	228	317	10	10	0	0	60s	100	1	8027
m	261	316	10	10	0	0	60s	100	1	8027
m	262	301	10	10	0	0	60s	100	1	8027
m	264	264	10	10	0	0	60s	100	1	8027
m	264	254	10	10	0	0	60s	100	1	8027
m	239	322	10	10	0	0	60s	100	1	8027
m	221	317	10	10	0	0	60s	100	1	8027
m	211	302	10	10	0	0	60s	100	1	8027
m	209	289	10	10	0	0	60s	100	1	8027
m	154	301	10	10	0	0	60s	100	1	8027
m	154	291	10	10	0	0	60s	100	1	8027
m	138	298	10	10	0	0	60s	100	1	8027
m	86	305	10	10	0	0	60s	100	1	8027
m	76	292	10	10	0	0	60s	100	1	8027
m	62	248	10	10	0	0	60s	100	1	8027
m	65	243	10	10	0	0	60s	100	1	8027
m	85	280	10	10	0	0	60s	100	1	8027
m	93	282	10	10	0	0	60s	100	1	8027
m	108	252	10	10	0	0	60s	100	1	8027
m	119	240	10	10	0	0	60s	100	1	8027
m	117	215	10	10	0	0	60s	100	1	8027
m	90	203	10	10	0	0	60s	100	1	8027
m	80	188	10	10	0	0	60s	100	1	8027
m	73	173	10	10	0	0	60s	100	1	8027
m	101	178	10	10	0	0	60s	100	1	8027
m	139	209	10	10	0	0	60s	100	1	8027
m	142	211	10	10	0	0	60s	100	1	8027
m	150	215	10	10	0	0	60s	100	1	8027
m	73	95	10	10	0	0	60s	100	1	8027
m	86	86	10	10	0	0	60s	100	1	8027
m	53	70	10	10	0	0	60s	100	1	8027
m	49	89	10	10	0	0	60s	100	1	8027
m	37	98	10	10	0	0	60s	100	1	8027
m	49	56	10	10	0	0	60s	100	1	8027
m	46	83	10	10	0	0	60s	100	1	8027
m	30	70	10	10	0	0	60s	100	1	8027
m	30	83	10	10	0	0	60s	100	1	8027
m	68	93	10	10	0	0	60s	100	1	8027
m	79	89	10	10	0	0	60s	100	1	8027
m	85	90	10	10	0	0	60s	100	1	8027
m	73	53	10	10	0	0	60s	100	1	8027
m	79	59	10	10	0	0	60s	100	1	8027
m	71	77	10	10	0	0	60s	100	1	8027
m	74	77	10	10	0	0	60s	100	1	8027
m	111	42	10	10	0	0	60s	100	1	8027
m	107	96	10	10	0	0	60s	100	1	8027
m	99	111	10	10	0	0	60s	100	1	8027
m	85	108	10	10	0	0	60s	100	1	8027
m	56	101	10	10	0	0	60s	100	1	8027
m	44	96	10	10	0	0	60s	100	1	8027
m	93	110	10	10	0	0	60s	100	1	8027
m	102	90	10	10	0	0	60s	100	1	8027
m	95	67	10	10	0	0	60s	100	1	8027
m	116	95	10	10	0	0	60s	100	1	8027
m	206	71	10	10	0	0	60s	100	1	8027
m	227	80	10	10	0	0	60s	100	1	8027
m	194	74	10	10	0	0	60s	100	1	8027
m	208	144	10	10	0	0	60s	100	1	8027
m	215	148	10	10	0	0	60s	100	1	8027
m	190	139	10	10	0	0	60s	100	1	8027
m	175	139	10	10	0	0	60s	100	1	8027
m	206	114	10	10	0	0	60s	100	1	8027
m	219	138	10	10	0	0	60s	100	1	8027
m	193	123	10	10	0	0	60s	100	1	8027
m	190	142	10	10	0	0	60s	100	1	8027
m	213	182	10	10	0	0	60s	100	1	8027
m	228	188	10	10	0	0	60s	100	1	8027
m	239	178	10	10	0	0	60s	100	1	8027
m	283	156	10	10	0	0	60s	100	1	8027
m	288	151	10	10	0	0	60s	100	1	8027
m	268	87	10	10	0	0	60s	100	1	8027
m	261	71	10	10	0	0	60s	100	1	8027
m	264	47	10	10	0	0	60s	100	1	8027
m	230	37	10	10	0	0	60s	100	1	8027
m	233	64	10	10	0	0	60s	100	1	8027
m	258	33	10	10	0	0	60s	100	1	8027
m	338	40	10	10	0	0	60s	100	1	8027
m	347	49	10	10	0	0	60s	100	1	8027
m	347	58	10	10	0	0	60s	100	1	8027
m	342	101	10	10	0	0	60s	100	1	8027
m	338	110	10	10	0	0	60s	100	1	8027
m	331	135	10	10	0	0	60s	100	1	8027
m	329	154	10	10	0	0	60s	100	1	8027
m	337	160	10	10	0	0	60s	100	1	8027
m	344	165	10	10	0	0	60s	100	1	8027
m	360	261	10	10	0	0	60s	100	1	8027
m	345	283	10	10	0	0	60s	100	1	8027
m	329	294	10	10	0	0	60s	100	1	8027
m	292	302	10	10	0	0	60s	100	1	8027
m	329	317	10	10	0	0	60s	100	1	8027
m	350	313	10	10	0	0	60s	100	1	8027
m	368	307	10	10	0	0	60s	100	1	8027
m	384	329	10	10	0	0	60s	100	1	8027
m	402	387	10	10	0	0	60s	100	1	8027
m	403	426	10	10	0	0	60s	100	1	8027
m	402	436	10	10	0	0	60s	100	1	8027
m	385	375	10	10	0	0	60s	100	1	8027
m	418	375	10	10	0	0	60s	100	1	8027
m	436	397	10	10	0	0	60s	100	1	8027
m	445	396	10	10	0	0	60s	100	1	8027
m	454	365	10	10	0	0	60s	100	1	8027
m	482	393	10	10	0	0	60s	100	1	8027
m	519	415	10	10	0	0	60s	100	1	8027
m	529	405	10	10	0	0	60s	100	1	8027
m	513	385	10	10	0	0	60s	100	1	8027
m	575	403	10	10	0	0	60s	100	1	8027
m	510	380	10	10	0	0	60s	100	1	8027
m	569	400	10	10	0	0	60s	100	1	8027
m	621	426	10	10	0	0	60s	100	1	8027
m	660	445	10	10	0	0	60s	100	1	8027
m	683	455	10	10	0	0	60s	100	1	8027
m	612	552	10	10	0	0	60s	100	1	8027
m	553	540	10	10	0	0	60s	100	1	8027
m	531	543	10	10	0	0	60s	100	1	8027
m	455	528	10	10	0	0	60s	100	1	8027
m	461	514	10	10	0	0	60s	100	1	8027
m	553	516	10	10	0	0	60s	100	1	8027
m	528	537	10	10	0	0	60s	100	1	8027
m	504	544	10	10	0	0	60s	100	1	8027
m	488	560	10	10	0	0	60s	100	1	8027
m	476	577	10	10	0	0	60s	100	1	8027
m	449	557	10	10	0	0	60s	100	1	8027
m	451	552	10	10	0	0	60s	100	1	8027
m	467	599	10	10	0	0	60s	100	1	8027
m	426	609	10	10	0	0	60s	100	1	8027
m	430	614	10	10	0	0	60s	100	1	8027
m	538	624	10	10	0	0	60s	100	1	8027
m	569	592	10	10	0	0	60s	100	1	8027
m	596	646	10	10	0	0	60s	100	1	8027
m	639	624	10	10	0	0	60s	100	1	8027
m	595	580	10	10	0	0	60s	100	1	8027
m	574	595	10	10	0	0	60s	100	1	8027
m	630	603	10	10	0	0	60s	100	1	8027
m	609	612	10	10	0	0	60s	100	1	8027
m	549	600	10	10	0	0	60s	100	1	8027
m	599	552	10	10	0	0	60s	100	1	8027
m	571	532	10	10	0	0	60s	100	1	8027
m	580	544	10	10	0	0	60s	100	1	8027
m	646	547	10	10	0	0	60s	100	1	8027
m	652	529	10	10	0	0	60s	100	1	8027
m	578	504	10	10	0	0	60s	100	1	8027
m	562	507	10	10	0	0	60s	100	1	8027
m	626	501	10	10	0	0	60s	100	1	8027
m	595	500	10	10	0	0	60s	100	1	8027
m	532	498	10	10	0	0	60s	100	1	8027
m	525	492	10	10	0	0	60s	100	1	8027
m	531	489	10	10	0	0	60s	100	1	8027
m	569	486	10	10	0	0	60s	100	1	8027
m	626	489	10	10	0	0	60s	100	1	8027
m	642	486	10	10	0	0	60s	100	1	8027
m	669	495	10	10	0	0	60s	100	1	8027
m	676	494	10	10	0	0	60s	100	1	8027
m	679	491	10	10	0	0	60s	100	1	8027
m	633	501	10	10	0	0	60s	100	1	8027
m	593	517	10	10	0	0	60s	100	1	8027
m	599	541	10	10	0	0	60s	100	1	8027
m	643	528	10	10	0	0	60s	100	1	8027
m	661	531	10	10	0	0	60s	100	1	8027
m	685	538	10	10	0	0	60s	100	1	8027
m	682	555	10	10	0	0	60s	100	1	8027
m	655	547	10	10	0	0	60s	100	1	8027
m	632	543	10	10	0	0	60s	100	1	8027
m	618	562	10	10	0	0	60s	100	1	8027
m	611	587	10	10	0	0	60s	100	1	8027
m	596	577	10	10	0	0	60s	100	1	8027
m	512	605	10	10	0	0	60s	100	1	8027
m	485	599	10	10	0	0	60s	100	1	8027
m	482	560	10	10	0	0	60s	100	1	8027
m	504	595	10	10	0	0	60s	100	1	8027
m	556	606	10	10	0	0	60s	100	1	8027
m	509	575	10	10	0	0	60s	100	1	8027
m	519	580	10	10	0	0	60s	100	1	8027
m	597	624	10	10	0	0	60s	100	1	8027
m	600	621	10	10	0	0	60s	100	1	8027
m	587	608	10	10	0	0	60s	100	1	8027
m	541	565	10	10	0	0	60s	100	1	8027
m	587	571	10	10	0	0	60s	100	1	8027
m	620	596	10	10	0	0	60s	100	1	8027
m	639	626	10	10	0	0	60s	100	1	8027
m	577	615	10	10	0	0	60s	100	1	8027
m	469	608	10	10	0	0	60s	100	1	8027
m	434	646	10	10	0	0	60s	100	1	8027
m	405	678	10	10	0	0	60s	100	1	8027
m	412	709	10	10	0	0	60s	100	1	8027
m	411	715	10	10	0	0	60s	100	1	8027
m	356	704	10	10	0	0	60s	100	1	8027
m	345	673	10	10	0	0	60s	100	1	8027
m	342	672	10	10	0	0	60s	100	1	8027
m	328	655	10	10	0	0	60s	100	1	8027
m	332	651	10	10	0	0	60s	100	1	8027
m	384	675	10	10	0	0	60s	100	1	8027
m	357	630	10	10	0	0	60s	100	1	8027
m	319	630	10	10	0	0	60s	100	1	8027
m	294	618	10	10	0	0	60s	100	1	8027
m	302	574	10	10	0	0	60s	100	1	8027
m	322	566	10	10	0	0	60s	100	1	8027
m	345	568	10	10	0	0	60s	100	1	8027
m	391	642	10	10	0	0	60s	100	1	8027
m	446	646	10	10	0	0	60s	100	1	8027
m	471	618	10	10	0	0	60s	100	1	8027
m	498	657	10	10	0	0	60s	100	1	8027
m	506	701	10	10	0	0	60s	100	1	8027
m	512	695	10	10	0	0	60s	100	1	8027
m	466	679	10	10	0	0	60s	100	1	8027
m	464	689	10	10	0	0	60s	100	1	8027
m	501	715	10	10	0	0	60s	100	1	8027
m	544	719	10	10	0	0	60s	100	1	8027
m	549	715	10	10	0	0	60s	100	1	8027
m	583	701	10	10	0	0	60s	100	1	8027
m	635	718	10	10	0	0	60s	100	1	8027
m	549	651	10	10	0	0	60s	100	1	8027
m	605	643	10	10	0	0	60s	100	1	8027
m	620	651	10	10	0	0	60s	100	1	8027
m	583	648	10	10	0	0	60s	100	1	8027
m	482	463	10	10	0	0	60s	100	1	8027
m	492	434	10	10	0	0	60s	100	1	8027
m	461	440	10	10	0	0	60s	100	1	8027
m	436	458	10	10	0	0	60s	100	1	8027
m	400	454	10	10	0	0	60s	100	1	8027
m	366	501	10	10	0	0	60s	100	1	8027
m	356	513	10	10	0	0	60s	100	1	8027
m	323	512	10	10	0	0	60s	100	1	8027
m	299	519	10	10	0	0	60s	100	1	8027
m	292	506	10	10	0	0	60s	100	1	8027
m	307	482	10	10	0	0	60s	100	1	8027
m	602	473	10	10	0	0	60s	100	1	8027
m	638	461	10	10	0	0	60s	100	1	8027
m	599	464	10	10	0	0	60s	100	1	8027
m	587	458	10	10	0	0	60s	100	1	8027
m	549	451	10	10	0	0	60s	100	1	8027
m	504	430	10	10	0	0	60s	100	1	8027
m	482	423	10	10	0	0	60s	100	1	8027
m	632	265	10	10	0	0	60s	100	1	8027
m	587	256	10	10	0	0	60s	100	1	8027
m	541	264	10	10	0	0	60s	100	1	8027
m	509	274	10	10	0	0	60s	100	1	8027
m	498	268	10	10	0	0	60s	100	1	8027
m	489	255	10	10	0	0	60s	100	1	8027
m	537	233	10	10	0	0	60s	100	1	8027
m	559	240	10	10	0	0	60s	100	1	8027
m	504	234	10	10	0	0	60s	100	1	8027
m	506	227	10	10	0	0	60s	100	1	8027
m	523	212	10	10	0	0	60s	100	1	8027
m	516	160	10	10	0	0	60s	100	1	8027
m	469	145	10	10	0	0	60s	100	1	8027
m	452	130	10	10	0	0	60s	100	1	8027
m	512	139	10	10	0	0	60s	100	1	8027
