m	196	148	10	10	0	0	60s	100	1	8014
m	219	273	10	10	0	0	60s	100	1	8014
m	454	157	10	10	0	0	60s	100	1	8014
m	555	285	10	10	0	0	60s	100	1	8014
m	623	125	10	10	0	0	60s	100	1	8014
m	679	240	10	10	0	0	60s	100	1	8014
m	783	128	10	10	0	0	60s	100	1	8014
m	866	213	10	10	0	0	60s	100	1	8014
m	981	122	10	10	0	0	60s	100	1	8014
m	973	249	10	10	0	0	60s	100	1	8014
m	1109	122	10	10	0	0	60s	100	1	8014
m	1145	243	10	10	0	0	60s	100	1	8014
m	1266	142	10	10	0	0	60s	100	1	8014
m	1349	231	10	10	0	0	60s	100	1	8014
m	154	368	10	10	0	0	60s	100	1	8014
m	216	495	10	10	0	0	60s	100	1	8014
m	439	377	10	10	0	0	60s	100	1	8014
m	427	557	10	10	0	0	60s	100	1	8014
m	590	380	10	10	0	0	60s	100	1	8014
m	587	507	10	10	0	0	60s	100	1	8014
m	682	412	10	10	0	0	60s	100	1	8014
m	729	563	10	10	0	0	60s	100	1	8014
m	848	409	10	10	0	0	60s	100	1	8014
m	940	525	10	10	0	0	60s	100	1	8014
m	1115	400	10	10	0	0	60s	100	1	8014
m	1171	543	10	10	0	0	60s	100	1	8014
m	1340	383	10	10	0	0	60s	100	1	8014
m	1349	507	10	10	0	0	60s	100	1	8014
m	86	703	10	10	0	0	60s	100	1	8014
m	116	789	10	10	0	0	60s	100	1	8014
m	196	726	10	10	0	0	60s	100	1	8014
m	190	676	10	10	0	0	60s	100	1	8014
m	415	676	10	10	0	0	60s	100	1	8014
m	427	842	10	10	0	0	60s	100	1	8014
m	578	682	10	10	0	0	60s	100	1	8014
m	640	863	10	10	0	0	60s	100	1	8014
m	792	640	10	10	0	0	60s	100	1	8014
m	907	836	10	10	0	0	60s	100	1	8014
m	1118	866	10	10	0	0	60s	100	1	8014
m	1180	679	10	10	0	0	60s	100	1	8014
m	1305	667	10	10	0	0	60s	100	1	8014
m	1323	866	10	10	0	0	60s	100	1	8014
m	1237	872	10	10	0	0	60s	100	1	8014
m	1432	715	10	10	0	0	60s	100	1	8014
m	1411	1017	10	10	0	0	60s	100	1	8014
m	1325	1142	10	10	0	0	60s	100	1	8014
m	1237	1005	10	10	0	0	60s	100	1	8014
m	1115	1174	10	10	0	0	60s	100	1	8014
m	979	1174	10	10	0	0	60s	100	1	8014
m	946	1020	10	10	0	0	60s	100	1	8014
m	744	990	10	10	0	0	60s	100	1	8014
m	762	1142	10	10	0	0	60s	100	1	8014
m	638	1165	10	10	0	0	60s	100	1	8014
m	537	987	10	10	0	0	60s	100	1	8014
m	403	987	10	10	0	0	60s	100	1	8014
m	356	1159	10	10	0	0	60s	100	1	8014
m	101	1153	10	10	0	0	60s	100	1	8014
m	187	1020	10	10	0	0	60s	100	1	8014
m	86	1394	10	10	0	0	60s	100	1	8014
m	196	1346	10	10	0	0	60s	100	1	8014
m	344	1453	10	10	0	0	60s	100	1	8014
m	448	1308	10	10	0	0	60s	100	1	8014
m	555	1355	10	10	0	0	60s	100	1	8014
m	623	1432	10	10	0	0	60s	100	1	8014
m	771	1337	10	10	0	0	60s	100	1	8014
m	958	1320	10	10	0	0	60s	100	1	8014
m	1097	1343	10	10	0	0	60s	100	1	8014
m	1245	1417	10	10	0	0	60s	100	1	8014
m	1325	1349	10	10	0	0	60s	100	1	8014
m	166	795	10	10	0	0	60s	100	1	8014
m	213	860	10	10	0	0	60s	100	1	8014
m	136	878	10	10	0	0	60s	100	1	8014
m	92	872	10	10	0	0	60s	100	1	8014
m	136	836	10	10	0	0	60s	100	1	8014
m	77	729	10	10	0	0	60s	100	1	8014
m	125	729	10	10	0	0	60s	100	1	8014
m	154	706	10	10	0	0	60s	100	1	8014
m	172	721	10	10	0	0	60s	100	1	8014
m	228	729	10	10	0	0	60s	100	1	8014
m	205	706	10	10	0	0	60s	100	1	8014
m	225	676	10	10	0	0	60s	100	1	8014
m	234	700	10	10	0	0	60s	100	1	8014
m	184	878	10	10	0	0	60s	100	1	8014
m	178	839	10	10	0	0	60s	100	1	8014
m	252	869	10	10	0	0	60s	100	1	8014
m	199	792	10	10	0	0	60s	100	1	8014
m	95	907	10	10	0	0	60s	100	1	8014
m	89	827	10	10	0	0	60s	100	1	8014
m	77	771	10	10	0	0	60s	100	1	8014
m	95	762	10	10	0	0	60s	100	1	8014
m	107	818	10	10	0	0	60s	100	1	8014
m	107	682	10	10	0	0	60s	100	1	8014
m	89	629	10	10	0	0	60s	100	1	8014
m	119	673	10	10	0	0	60s	100	1	8014
m	104	652	10	10	0	0	60s	100	1	8014
m	92	670	10	10	0	0	60s	100	1	8014
m	232	203	10	10	0	0	60s	100	1	8014
m	195	172	10	10	0	0	60s	100	1	8014
m	156	152	10	10	0	0	60s	100	1	8014
m	141	206	10	10	0	0	60s	100	1	8014
m	153	232	10	10	0	0	60s	100	1	8014
m	188	241	10	10	0	0	60s	100	1	8014
m	228	227	10	10	0	0	60s	100	1	8014
m	203	186	10	10	0	0	60s	100	1	8014
m	155	170	10	10	0	0	60s	100	1	8014
m	125	106	10	10	0	0	60s	100	1	8014
m	129	105	10	10	0	0	60s	100	1	8014
m	230	165	10	10	0	0	60s	100	1	8014
m	242	187	10	10	0	0	60s	100	1	8014
m	231	207	10	10	0	0	60s	100	1	8014
m	196	126	10	10	0	0	60s	100	1	8014
m	252	176	10	10	0	0	60s	100	1	8014
m	267	217	10	10	0	0	60s	100	1	8014
m	262	260	10	10	0	0	60s	100	1	8014
m	211	277	10	10	0	0	60s	100	1	8014
m	143	260	10	10	0	0	60s	100	1	8014
m	120	251	10	10	0	0	60s	100	1	8014
m	206	231	10	10	0	0	60s	100	1	8014
m	240	276	10	10	0	0	60s	100	1	8014
m	250	265	10	10	0	0	60s	100	1	8014
m	222	188	10	10	0	0	60s	100	1	8014
m	363	178	10	10	0	0	60s	100	1	8014
m	359	242	10	10	0	0	60s	100	1	8014
m	361	266	10	10	0	0	60s	100	1	8014
m	363	277	10	10	0	0	60s	100	1	8014
m	420	255	10	10	0	0	60s	100	1	8014
m	404	230	10	10	0	0	60s	100	1	8014
m	374	198	10	10	0	0	60s	100	1	8014
m	408	158	10	10	0	0	60s	100	1	8014
m	417	155	10	10	0	0	60s	100	1	8014
m	448	162	10	10	0	0	60s	100	1	8014
m	454	187	10	10	0	0	60s	100	1	8014
m	423	211	10	10	0	0	60s	100	1	8014
m	406	190	10	10	0	0	60s	100	1	8014
m	452	146	10	10	0	0	60s	100	1	8014
m	458	151	10	10	0	0	60s	100	1	8014
m	416	126	10	10	0	0	60s	100	1	8014
m	450	111	10	10	0	0	60s	100	1	8014
m	487	116	10	10	0	0	60s	100	1	8014
m	538	121	10	10	0	0	60s	100	1	8014
m	574	92	10	10	0	0	60s	100	1	8014
m	574	140	10	10	0	0	60s	100	1	8014
m	555	183	10	10	0	0	60s	100	1	8014
m	505	201	10	10	0	0	60s	100	1	8014
m	493	238	10	10	0	0	60s	100	1	8014
m	442	227	10	10	0	0	60s	100	1	8014
m	455	266	10	10	0	0	60s	100	1	8014
m	504	289	10	10	0	0	60s	100	1	8014
m	553	281	10	10	0	0	60s	100	1	8014
m	589	265	10	10	0	0	60s	100	1	8014
m	539	225	10	10	0	0	60s	100	1	8014
m	493	205	10	10	0	0	60s	100	1	8014
m	483	201	10	10	0	0	60s	100	1	8014
m	540	236	10	10	0	0	60s	100	1	8014
m	520	270	10	10	0	0	60s	100	1	8014
m	490	251	10	10	0	0	60s	100	1	8014
m	524	170	10	10	0	0	60s	100	1	8014
m	553	137	10	10	0	0	60s	100	1	8014
m	504	136	10	10	0	0	60s	100	1	8014
m	524	127	10	10	0	0	60s	100	1	8014
m	638	165	10	10	0	0	60s	100	1	8014
m	648	250	10	10	0	0	60s	100	1	8014
m	596	245	10	10	0	0	60s	100	1	8014
m	535	173	10	10	0	0	60s	100	1	8014
m	684	177	10	10	0	0	60s	100	1	8014
m	669	225	10	10	0	0	60s	100	1	8014
m	599	215	10	10	0	0	60s	100	1	8014
m	585	193	10	10	0	0	60s	100	1	8014
m	628	197	10	10	0	0	60s	100	1	8014
m	618	153	10	10	0	0	60s	100	1	8014
m	615	173	10	10	0	0	60s	100	1	8014
m	705	212	10	10	0	0	60s	100	1	8014
m	690	248	10	10	0	0	60s	100	1	8014
m	613	281	10	10	0	0	60s	100	1	8014
m	664	288	10	10	0	0	60s	100	1	8014
m	710	296	10	10	0	0	60s	100	1	8014
m	735	265	10	10	0	0	60s	100	1	8014
m	722	215	10	10	0	0	60s	100	1	8014
m	689	172	10	10	0	0	60s	100	1	8014
m	685	183	10	10	0	0	60s	100	1	8014
m	744	155	10	10	0	0	60s	100	1	8014
m	789	107	10	10	0	0	60s	100	1	8014
m	754	100	10	10	0	0	60s	100	1	8014
m	827	99	10	10	0	0	60s	100	1	8014
m	861	129	10	10	0	0	60s	100	1	8014
m	887	166	10	10	0	0	60s	100	1	8014
m	875	171	10	10	0	0	60s	100	1	8014
m	797	142	10	10	0	0	60s	100	1	8014
m	838	140	10	10	0	0	60s	100	1	8014
m	880	158	10	10	0	0	60s	100	1	8014
m	801	168	10	10	0	0	60s	100	1	8014
m	791	185	10	10	0	0	60s	100	1	8014
m	838	236	10	10	0	0	60s	100	1	8014
m	856	266	10	10	0	0	60s	100	1	8014
m	822	268	10	10	0	0	60s	100	1	8014
m	819	276	10	10	0	0	60s	100	1	8014
m	850	282	10	10	0	0	60s	100	1	8014
m	903	278	10	10	0	0	60s	100	1	8014
m	920	265	10	10	0	0	60s	100	1	8014
m	911	241	10	10	0	0	60s	100	1	8014
m	846	231	10	10	0	0	60s	100	1	8014
m	920	237	10	10	0	0	60s	100	1	8014
m	933	251	10	10	0	0	60s	100	1	8014
m	933	256	10	10	0	0	60s	100	1	8014
m	857	218	10	10	0	0	60s	100	1	8014
m	861	235	10	10	0	0	60s	100	1	8014
m	908	266	10	10	0	0	60s	100	1	8014
m	878	246	10	10	0	0	60s	100	1	8014
m	858	260	10	10	0	0	60s	100	1	8014
m	862	257	10	10	0	0	60s	100	1	8014
m	892	253	10	10	0	0	60s	100	1	8014
m	898	237	10	10	0	0	60s	100	1	8014
m	883	201	10	10	0	0	60s	100	1	8014
m	892	187	10	10	0	0	60s	100	1	8014
m	928	187	10	10	0	0	60s	100	1	8014
m	868	186	10	10	0	0	60s	100	1	8014
m	832	176	10	10	0	0	60s	100	1	8014
m	905	135	10	10	0	0	60s	100	1	8014
m	953	140	10	10	0	0	60s	100	1	8014
m	961	145	10	10	0	0	60s	100	1	8014
m	872	120	10	10	0	0	60s	100	1	8014
m	872	116	10	10	0	0	60s	100	1	8014
m	960	127	10	10	0	0	60s	100	1	8014
m	973	137	10	10	0	0	60s	100	1	8014
m	1012	152	10	10	0	0	60s	100	1	8014
m	1028	185	10	10	0	0	60s	100	1	8014
m	971	178	10	10	0	0	60s	100	1	8014
m	1006	173	10	10	0	0	60s	100	1	8014
m	1024	197	10	10	0	0	60s	100	1	8014
m	983	233	10	10	0	0	60s	100	1	8014
m	962	251	10	10	0	0	60s	100	1	8014
m	976	279	10	10	0	0	60s	100	1	8014
m	1002	289	10	10	0	0	60s	100	1	8014
m	938	250	10	10	0	0	60s	100	1	8014
m	936	216	10	10	0	0	60s	100	1	8014
m	967	196	10	10	0	0	60s	100	1	8014
m	970	193	10	10	0	0	60s	100	1	8014
m	963	222	10	10	0	0	60s	100	1	8014
m	916	112	10	10	0	0	60s	100	1	8014
m	911	125	10	10	0	0	60s	100	1	8014
m	960	183	10	10	0	0	60s	100	1	8014
m	962	177	10	10	0	0	60s	100	1	8014
m	932	134	10	10	0	0	60s	100	1	8014
m	943	125	10	10	0	0	60s	100	1	8014
m	1017	148	10	10	0	0	60s	100	1	8014
m	1122	178	10	10	0	0	60s	100	1	8014
m	1128	173	10	10	0	0	60s	100	1	8014
m	1048	140	10	10	0	0	60s	100	1	8014
m	1054	143	10	10	0	0	60s	100	1	8014
m	1114	167	10	10	0	0	60s	100	1	8014
m	1111	178	10	10	0	0	60s	100	1	8014
m	1052	187	10	10	0	0	60s	100	1	8014
m	1063	201	10	10	0	0	60s	100	1	8014
m	1120	265	10	10	0	0	60s	100	1	8014
m	1122	277	10	10	0	0	60s	100	1	8014
m	1086	272	10	10	0	0	60s	100	1	8014
m	1082	283	10	10	0	0	60s	100	1	8014
m	1124	286	10	10	0	0	60s	100	1	8014
m	1148	273	10	10	0	0	60s	100	1	8014
m	1066	221	10	10	0	0	60s	100	1	8014
m	1064	223	10	10	0	0	60s	100	1	8014
m	1109	258	10	10	0	0	60s	100	1	8014
m	1139	222	10	10	0	0	60s	100	1	8014
m	1172	212	10	10	0	0	60s	100	1	8014
m	1145	206	10	10	0	0	60s	100	1	8014
m	1098	191	10	10	0	0	60s	100	1	8014
m	1091	183	10	10	0	0	60s	100	1	8014
m	1078	158	10	10	0	0	60s	100	1	8014
m	1128	153	10	10	0	0	60s	100	1	8014
m	1175	167	10	10	0	0	60s	100	1	8014
m	1180	200	10	10	0	0	60s	100	1	8014
m	1142	201	10	10	0	0	60s	100	1	8014
m	1142	210	10	10	0	0	60s	100	1	8014
m	1212	198	10	10	0	0	60s	100	1	8014
m	1218	181	10	10	0	0	60s	100	1	8014
m	1182	125	10	10	0	0	60s	100	1	8014
m	1266	130	10	10	0	0	60s	100	1	8014
m	1313	143	10	10	0	0	60s	100	1	8014
m	1355	161	10	10	0	0	60s	100	1	8014
m	1406	202	10	10	0	0	60s	100	1	8014
m	1417	238	10	10	0	0	60s	100	1	8014
m	1269	200	10	10	0	0	60s	100	1	8014
m	1240	177	10	10	0	0	60s	100	1	8014
m	1269	170	10	10	0	0	60s	100	1	8014
m	1394	185	10	10	0	0	60s	100	1	8014
m	1404	193	10	10	0	0	60s	100	1	8014
m	1391	210	10	10	0	0	60s	100	1	8014
m	1230	205	10	10	0	0	60s	100	1	8014
m	1295	263	10	10	0	0	60s	100	1	8014
m	1389	257	10	10	0	0	60s	100	1	8014
m	1405	268	10	10	0	0	60s	100	1	8014
m	1299	236	10	10	0	0	60s	100	1	8014
m	1285	206	10	10	0	0	60s	100	1	8014
m	1290	183	10	10	0	0	60s	100	1	8014
m	1296	232	10	10	0	0	60s	100	1	8014
m	1298	273	10	10	0	0	60s	100	1	8014
m	1268	256	10	10	0	0	60s	100	1	8014
m	1240	238	10	10	0	0	60s	100	1	8014
m	1233	216	10	10	0	0	60s	100	1	8014
m	1209	223	10	10	0	0	60s	100	1	8014
m	1163	240	10	10	0	0	60s	100	1	8014
m	1144	277	10	10	0	0	60s	100	1	8014
m	1148	281	10	10	0	0	60s	100	1	8014
m	1117	241	10	10	0	0	60s	100	1	8014
m	1108	206	10	10	0	0	60s	100	1	8014
m	1089	195	10	10	0	0	60s	100	1	8014
m	1078	195	10	10	0	0	60s	100	1	8014
m	1086	215	10	10	0	0	60s	100	1	8014
m	1107	134	10	10	0	0	60s	100	1	8014
m	1183	155	10	10	0	0	60s	100	1	8014
m	1197	180	10	10	0	0	60s	100	1	8014
m	1217	158	10	10	0	0	60s	100	1	8014
m	1233	132	10	10	0	0	60s	100	1	8014
m	1280	137	10	10	0	0	60s	100	1	8014
m	1295	148	10	10	0	0	60s	100	1	8014
m	1265	173	10	10	0	0	60s	100	1	8014
m	1285	148	10	10	0	0	60s	100	1	8014
m	1399	162	10	10	0	0	60s	100	1	8014
m	1412	187	10	10	0	0	60s	100	1	8014
m	1414	235	10	10	0	0	60s	100	1	8014
m	1400	267	10	10	0	0	60s	100	1	8014
m	1379	281	10	10	0	0	60s	100	1	8014
m	1324	279	10	10	0	0	60s	100	1	8014
m	1305	271	10	10	0	0	60s	100	1	8014
m	1264	261	10	10	0	0	60s	100	1	8014
m	1250	263	10	10	0	0	60s	100	1	8014
m	1249	266	10	10	0	0	60s	100	1	8014
m	1252	206	10	10	0	0	60s	100	1	8014
m	1290	245	10	10	0	0	60s	100	1	8014
m	1334	262	10	10	0	0	60s	100	1	8014
m	1349	261	10	10	0	0	60s	100	1	8014
m	1346	266	10	10	0	0	60s	100	1	8014
m	1245	364	10	10	0	0	60s	100	1	8014
m	1235	356	10	10	0	0	60s	100	1	8014
m	1279	373	10	10	0	0	60s	100	1	8014
m	1296	378	10	10	0	0	60s	100	1	8014
m	1324	398	10	10	0	0	60s	100	1	8014
m	1339	409	10	10	0	0	60s	100	1	8014
m	1350	376	10	10	0	0	60s	100	1	8014
m	1401	406	10	10	0	0	60s	100	1	8014
m	1391	432	10	10	0	0	60s	100	1	8014
m	1368	435	10	10	0	0	60s	100	1	8014
m	1371	428	10	10	0	0	60s	100	1	8014
m	1364	470	10	10	0	0	60s	100	1	8014
m	1350	513	10	10	0	0	60s	100	1	8014
m	1338	532	10	10	0	0	60s	100	1	8014
m	1341	553	10	10	0	0	60s	100	1	8014
m	1376	563	10	10	0	0	60s	100	1	8014
m	1360	560	10	10	0	0	60s	100	1	8014
m	1274	555	10	10	0	0	60s	100	1	8014
m	1316	512	10	10	0	0	60s	100	1	8014
m	1366	523	10	10	0	0	60s	100	1	8014
m	1390	542	10	10	0	0	60s	100	1	8014
m	1386	565	10	10	0	0	60s	100	1	8014
m	1391	579	10	10	0	0	60s	100	1	8014
m	1404	503	10	10	0	0	60s	100	1	8014
m	1390	473	10	10	0	0	60s	100	1	8014
m	1396	469	10	10	0	0	60s	100	1	8014
m	1439	490	10	10	0	0	60s	100	1	8014
m	1385	503	10	10	0	0	60s	100	1	8014
m	1353	515	10	10	0	0	60s	100	1	8014
m	1379	540	10	10	0	0	60s	100	1	8014
m	1411	558	10	10	0	0	60s	100	1	8014
m	1424	563	10	10	0	0	60s	100	1	8014
m	1405	538	10	10	0	0	60s	100	1	8014
m	1405	453	10	10	0	0	60s	100	1	8014
m	1405	386	10	10	0	0	60s	100	1	8014
m	1360	378	10	10	0	0	60s	100	1	8014
m	1355	371	10	10	0	0	60s	100	1	8014
m	1366	356	10	10	0	0	60s	100	1	8014
m	1396	364	10	10	0	0	60s	100	1	8014
m	1374	363	10	10	0	0	60s	100	1	8014
m	1315	367	10	10	0	0	60s	100	1	8014
m	1339	379	10	10	0	0	60s	100	1	8014
m	1402	401	10	10	0	0	60s	100	1	8014
m	1380	427	10	10	0	0	60s	100	1	8014
m	1334	498	10	10	0	0	60s	100	1	8014
m	1298	510	10	10	0	0	60s	100	1	8014
m	1263	504	10	10	0	0	60s	100	1	8014
m	1261	510	10	10	0	0	60s	100	1	8014
m	1273	533	10	10	0	0	60s	100	1	8014
m	1336	519	10	10	0	0	60s	100	1	8014
m	1349	477	10	10	0	0	60s	100	1	8014
m	1350	440	10	10	0	0	60s	100	1	8014
m	1341	428	10	10	0	0	60s	100	1	8014
m	1331	412	10	10	0	0	60s	100	1	8014
m	1330	411	10	10	0	0	60s	100	1	8014
m	1353	468	10	10	0	0	60s	100	1	8014
m	1345	480	10	10	0	0	60s	100	1	8014
m	1298	502	10	10	0	0	60s	100	1	8014
m	1261	524	10	10	0	0	60s	100	1	8014
m	1239	543	10	10	0	0	60s	100	1	8014
m	1247	559	10	10	0	0	60s	100	1	8014
m	1285	570	10	10	0	0	60s	100	1	8014
m	1331	568	10	10	0	0	60s	100	1	8014
m	1308	560	10	10	0	0	60s	100	1	8014
m	1219	571	10	10	0	0	60s	100	1	8014
m	1173	564	10	10	0	0	60s	100	1	8014
m	1132	557	10	10	0	0	60s	100	1	8014
m	1084	552	10	10	0	0	60s	100	1	8014
m	1079	482	10	10	0	0	60s	100	1	8014
m	1092	473	10	10	0	0	60s	100	1	8014
m	1116	497	10	10	0	0	60s	100	1	8014
m	1117	522	10	10	0	0	60s	100	1	8014
m	1125	543	10	10	0	0	60s	100	1	8014
m	1175	552	10	10	0	0	60s	100	1	8014
m	1167	495	10	10	0	0	60s	100	1	8014
m	1152	464	10	10	0	0	60s	100	1	8014
m	1133	427	10	10	0	0	60s	100	1	8014
m	1132	413	10	10	0	0	60s	100	1	8014
m	1129	381	10	10	0	0	60s	100	1	8014
m	1119	373	10	10	0	0	60s	100	1	8014
m	1089	376	10	10	0	0	60s	100	1	8014
m	1072	403	10	10	0	0	60s	100	1	8014
m	1088	430	10	10	0	0	60s	100	1	8014
m	1117	428	10	10	0	0	60s	100	1	8014
m	1130	404	10	10	0	0	60s	100	1	8014
m	1093	403	10	10	0	0	60s	100	1	8014
m	1083	454	10	10	0	0	60s	100	1	8014
m	1122	483	10	10	0	0	60s	100	1	8014
m	1139	475	10	10	0	0	60s	100	1	8014
m	1128	450	10	10	0	0	60s	100	1	8014
m	1111	438	10	10	0	0	60s	100	1	8014
m	1155	507	10	10	0	0	60s	100	1	8014
m	1169	529	10	10	0	0	60s	100	1	8014
m	1194	542	10	10	0	0	60s	100	1	8014
m	1237	537	10	10	0	0	60s	100	1	8014
m	1245	510	10	10	0	0	60s	100	1	8014
m	1248	507	10	10	0	0	60s	100	1	8014
m	1253	507	10	10	0	0	60s	100	1	8014
m	1237	517	10	10	0	0	60s	100	1	8014
m	1208	529	10	10	0	0	60s	100	1	8014
m	1212	533	10	10	0	0	60s	100	1	8014
m	1269	484	10	10	0	0	60s	100	1	8014
m	1318	485	10	10	0	0	60s	100	1	8014
m	1346	497	10	10	0	0	60s	100	1	8014
m	1351	492	10	10	0	0	60s	100	1	8014
m	1359	448	10	10	0	0	60s	100	1	8014
m	1345	412	10	10	0	0	60s	100	1	8014
m	1314	398	10	10	0	0	60s	100	1	8014
m	1293	392	10	10	0	0	60s	100	1	8014
m	1279	379	10	10	0	0	60s	100	1	8014
m	1296	366	10	10	0	0	60s	100	1	8014
m	1303	363	10	10	0	0	60s	100	1	8014
m	1348	386	10	10	0	0	60s	100	1	8014
m	1378	419	10	10	0	0	60s	100	1	8014
m	1029	450	10	10	0	0	60s	100	1	8014
m	986	459	10	10	0	0	60s	100	1	8014
m	1007	463	10	10	0	0	60s	100	1	8014
m	1054	460	10	10	0	0	60s	100	1	8014
m	1062	444	10	10	0	0	60s	100	1	8014
m	1062	440	10	10	0	0	60s	100	1	8014
m	1032	459	10	10	0	0	60s	100	1	8014
m	1001	459	10	10	0	0	60s	100	1	8014
m	986	442	10	10	0	0	60s	100	1	8014
m	975	412	10	10	0	0	60s	100	1	8014
m	967	396	10	10	0	0	60s	100	1	8014
m	956	383	10	10	0	0	60s	100	1	8014
m	937	386	10	10	0	0	60s	100	1	8014
m	920	384	10	10	0	0	60s	100	1	8014
m	888	383	10	10	0	0	60s	100	1	8014
m	853	394	10	10	0	0	60s	100	1	8014
m	845	430	10	10	0	0	60s	100	1	8014
m	842	455	10	10	0	0	60s	100	1	8014
m	852	475	10	10	0	0	60s	100	1	8014
m	871	478	10	10	0	0	60s	100	1	8014
m	905	393	10	10	0	0	60s	100	1	8014
m	921	398	10	10	0	0	60s	100	1	8014
m	890	427	10	10	0	0	60s	100	1	8014
m	853	442	10	10	0	0	60s	100	1	8014
m	873	443	10	10	0	0	60s	100	1	8014
m	925	408	10	10	0	0	60s	100	1	8014
m	913	408	10	10	0	0	60s	100	1	8014
m	871	470	10	10	0	0	60s	100	1	8014
m	885	494	10	10	0	0	60s	100	1	8014
m	906	499	10	10	0	0	60s	100	1	8014
m	886	472	10	10	0	0	60s	100	1	8014
m	902	529	10	10	0	0	60s	100	1	8014
m	927	538	10	10	0	0	60s	100	1	8014
m	950	542	10	10	0	0	60s	100	1	8014
m	963	550	10	10	0	0	60s	100	1	8014
m	962	555	10	10	0	0	60s	100	1	8014
m	902	552	10	10	0	0	60s	100	1	8014
m	892	549	10	10	0	0	60s	100	1	8014
m	925	560	10	10	0	0	60s	100	1	8014
m	967	563	10	10	0	0	60s	100	1	8014
m	958	563	10	10	0	0	60s	100	1	8014
m	878	553	10	10	0	0	60s	100	1	8014
m	820	494	10	10	0	0	60s	100	1	8014
m	824	482	10	10	0	0	60s	100	1	8014
m	861	514	10	10	0	0	60s	100	1	8014
m	845	547	10	10	0	0	60s	100	1	8014
m	801	548	10	10	0	0	60s	100	1	8014
m	843	437	10	10	0	0	60s	100	1	8014
m	822	397	10	10	0	0	60s	100	1	8014
m	811	472	10	10	0	0	60s	100	1	8014
m	801	485	10	10	0	0	60s	100	1	8014
m	790	517	10	10	0	0	60s	100	1	8014
m	777	533	10	10	0	0	60s	100	1	8014
m	764	550	10	10	0	0	60s	100	1	8014
m	735	561	10	10	0	0	60s	100	1	8014
m	709	561	10	10	0	0	60s	100	1	8014
m	696	538	10	10	0	0	60s	100	1	8014
m	681	515	10	10	0	0	60s	100	1	8014
m	675	502	10	10	0	0	60s	100	1	8014
m	665	492	10	10	0	0	60s	100	1	8014
m	646	492	10	10	0	0	60s	100	1	8014
m	641	493	10	10	0	0	60s	100	1	8014
m	688	487	10	10	0	0	60s	100	1	8014
m	691	484	10	10	0	0	60s	100	1	8014
m	688	463	10	10	0	0	60s	100	1	8014
m	679	452	10	10	0	0	60s	100	1	8014
m	633	424	10	10	0	0	60s	100	1	8014
m	615	408	10	10	0	0	60s	100	1	8014
m	608	402	10	10	0	0	60s	100	1	8014
m	594	411	10	10	0	0	60s	100	1	8014
m	590	430	10	10	0	0	60s	100	1	8014
m	616	430	10	10	0	0	60s	100	1	8014
m	626	409	10	10	0	0	60s	100	1	8014
m	611	397	10	10	0	0	60s	100	1	8014
m	625	418	10	10	0	0	60s	100	1	8014
m	653	462	10	10	0	0	60s	100	1	8014
m	628	475	10	10	0	0	60s	100	1	8014
m	606	490	10	10	0	0	60s	100	1	8014
m	606	508	10	10	0	0	60s	100	1	8014
m	595	529	10	10	0	0	60s	100	1	8014
m	564	539	10	10	0	0	60s	100	1	8014
m	544	547	10	10	0	0	60s	100	1	8014
m	537	552	10	10	0	0	60s	100	1	8014
m	498	559	10	10	0	0	60s	100	1	8014
m	591	530	10	10	0	0	60s	100	1	8014
m	593	492	10	10	0	0	60s	100	1	8014
m	580	465	10	10	0	0	60s	100	1	8014
m	603	445	10	10	0	0	60s	100	1	8014
m	621	443	10	10	0	0	60s	100	1	8014
m	633	475	10	10	0	0	60s	100	1	8014
m	619	489	10	10	0	0	60s	100	1	8014
m	601	422	10	10	0	0	60s	100	1	8014
m	655	428	10	10	0	0	60s	100	1	8014
m	653	460	10	10	0	0	60s	100	1	8014
m	661	477	10	10	0	0	60s	100	1	8014
m	475	545	10	10	0	0	60s	100	1	8014
m	438	523	10	10	0	0	60s	100	1	8014
m	424	492	10	10	0	0	60s	100	1	8014
m	414	452	10	10	0	0	60s	100	1	8014
m	412	435	10	10	0	0	60s	100	1	8014
m	457	492	10	10	0	0	60s	100	1	8014
m	499	538	10	10	0	0	60s	100	1	8014
m	499	549	10	10	0	0	60s	100	1	8014
m	490	558	10	10	0	0	60s	100	1	8014
m	540	545	10	10	0	0	60s	100	1	8014
m	477	542	10	10	0	0	60s	100	1	8014
m	474	539	10	10	0	0	60s	100	1	8014
m	523	549	10	10	0	0	60s	100	1	8014
m	523	545	10	10	0	0	60s	100	1	8014
m	499	524	10	10	0	0	60s	100	1	8014
m	549	542	10	10	0	0	60s	100	1	8014
m	524	542	10	10	0	0	60s	100	1	8014
m	475	537	10	10	0	0	60s	100	1	8014
m	439	510	10	10	0	0	60s	100	1	8014
m	429	474	10	10	0	0	60s	100	1	8014
m	420	440	10	10	0	0	60s	100	1	8014
m	424	399	10	10	0	0	60s	100	1	8014
m	406	371	10	10	0	0	60s	100	1	8014
m	364	354	10	10	0	0	60s	100	1	8014
m	339	356	10	10	0	0	60s	100	1	8014
m	298	367	10	10	0	0	60s	100	1	8014
m	263	367	10	10	0	0	60s	100	1	8014
m	281	366	10	10	0	0	60s	100	1	8014
m	362	362	10	10	0	0	60s	100	1	8014
m	393	374	10	10	0	0	60s	100	1	8014
m	381	388	10	10	0	0	60s	100	1	8014
m	377	378	10	10	0	0	60s	100	1	8014
m	381	374	10	10	0	0	60s	100	1	8014
m	387	444	10	10	0	0	60s	100	1	8014
m	398	470	10	10	0	0	60s	100	1	8014
m	407	497	10	10	0	0	60s	100	1	8014
m	416	518	10	10	0	0	60s	100	1	8014
m	422	539	10	10	0	0	60s	100	1	8014
m	418	549	10	10	0	0	60s	100	1	8014
m	383	432	10	10	0	0	60s	100	1	8014
m	393	401	10	10	0	0	60s	100	1	8014
m	413	379	10	10	0	0	60s	100	1	8014
m	422	389	10	10	0	0	60s	100	1	8014
m	424	450	10	10	0	0	60s	100	1	8014
m	429	468	10	10	0	0	60s	100	1	8014
m	429	487	10	10	0	0	60s	100	1	8014
m	412	453	10	10	0	0	60s	100	1	8014
m	444	418	10	10	0	0	60s	100	1	8014
m	443	459	10	10	0	0	60s	100	1	8014
m	438	513	10	10	0	0	60s	100	1	8014
m	253	391	10	10	0	0	60s	100	1	8014
m	220	394	10	10	0	0	60s	100	1	8014
m	188	422	10	10	0	0	60s	100	1	8014
m	181	447	10	10	0	0	60s	100	1	8014
m	172	474	10	10	0	0	60s	100	1	8014
m	155	467	10	10	0	0	60s	100	1	8014
m	172	387	10	10	0	0	60s	100	1	8014
m	195	377	10	10	0	0	60s	100	1	8014
m	190	417	10	10	0	0	60s	100	1	8014
m	143	465	10	10	0	0	60s	100	1	8014
m	130	488	10	10	0	0	60s	100	1	8014
m	150	530	10	10	0	0	60s	100	1	8014
m	192	544	10	10	0	0	60s	100	1	8014
m	212	520	10	10	0	0	60s	100	1	8014
m	216	495	10	10	0	0	60s	100	1	8014
m	225	449	10	10	0	0	60s	100	1	8014
m	230	416	10	10	0	0	60s	100	1	8014
m	225	391	10	10	0	0	60s	100	1	8014
m	230	440	10	10	0	0	60s	100	1	8014
m	248	507	10	10	0	0	60s	100	1	8014
m	220	519	10	10	0	0	60s	100	1	8014
m	198	475	10	10	0	0	60s	100	1	8014
m	235	422	10	10	0	0	60s	100	1	8014
m	252	404	10	10	0	0	60s	100	1	8014
m	257	394	10	10	0	0	60s	100	1	8014
m	188	494	10	10	0	0	60s	100	1	8014
m	160	510	10	10	0	0	60s	100	1	8014
m	180	464	10	10	0	0	60s	100	1	8014
m	145	523	10	10	0	0	60s	100	1	8014
m	111	538	10	10	0	0	60s	100	1	8014
m	92	553	10	10	0	0	60s	100	1	8014
m	85	574	10	10	0	0	60s	100	1	8014
m	80	606	10	10	0	0	60s	100	1	8014
m	86	594	10	10	0	0	60s	100	1	8014
m	87	545	10	10	0	0	60s	100	1	8014
m	104	508	10	10	0	0	60s	100	1	8014
m	122	473	10	10	0	0	60s	100	1	8014
m	122	449	10	10	0	0	60s	100	1	8014
m	122	427	10	10	0	0	60s	100	1	8014
m	130	406	10	10	0	0	60s	100	1	8014
m	148	379	10	10	0	0	60s	100	1	8014
m	195	369	10	10	0	0	60s	100	1	8014
m	215	372	10	10	0	0	60s	100	1	8014
m	235	384	10	10	0	0	60s	100	1	8014
m	243	384	10	10	0	0	60s	100	1	8014
m	449	202	10	10	0	0	60s	100	1	8014
m	442	157	10	10	0	0	60s	100	1	8014
m	468	136	10	10	0	0	60s	100	1	8014
m	547	100	10	10	0	0	60s	100	1	8014
m	578	104	10	10	0	0	60s	100	1	8014
m	604	121	10	10	0	0	60s	100	1	8014
m	611	166	10	10	0	0	60s	100	1	8014
m	574	160	10	10	0	0	60s	100	1	8014
m	569	127	10	10	0	0	60s	100	1	8014
m	573	102	10	10	0	0	60s	100	1	8014
m	570	96	10	10	0	0	60s	100	1	8014
m	558	95	10	10	0	0	60s	100	1	8014
m	595	124	10	10	0	0	60s	100	1	8014
m	623	150	10	10	0	0	60s	100	1	8014
m	654	162	10	10	0	0	60s	100	1	8014
m	676	185	10	10	0	0	60s	100	1	8014
m	680	222	10	10	0	0	60s	100	1	8014
m	655	230	10	10	0	0	60s	100	1	8014
m	614	235	10	10	0	0	60s	100	1	8014
m	620	258	10	10	0	0	60s	100	1	8014
m	673	255	10	10	0	0	60s	100	1	8014
m	680	251	10	10	0	0	60s	100	1	8014
m	619	276	10	10	0	0	60s	100	1	8014
m	604	283	10	10	0	0	60s	100	1	8014
m	646	277	10	10	0	0	60s	100	1	8014
m	678	252	10	10	0	0	60s	100	1	8014
m	649	185	10	10	0	0	60s	100	1	8014
m	705	191	10	10	0	0	60s	100	1	8014
m	727	185	10	10	0	0	60s	100	1	8014
m	729	178	10	10	0	0	60s	100	1	8014
m	820	97	10	10	0	0	60s	100	1	8014
m	772	120	10	10	0	0	60s	100	1	8014
m	744	148	10	10	0	0	60s	100	1	8014
m	730	185	10	10	0	0	60s	100	1	8014
m	725	217	10	10	0	0	60s	100	1	8014
m	706	255	10	10	0	0	60s	100	1	8014
m	721	257	10	10	0	0	60s	100	1	8014
m	739	215	10	10	0	0	60s	100	1	8014
m	742	182	10	10	0	0	60s	100	1	8014
m	746	137	10	10	0	0	60s	100	1	8014
m	762	117	10	10	0	0	60s	100	1	8014
m	774	132	10	10	0	0	60s	100	1	8014
m	765	166	10	10	0	0	60s	100	1	8014
m	766	178	10	10	0	0	60s	100	1	8014
m	800	148	10	10	0	0	60s	100	1	8014
m	842	117	10	10	0	0	60s	100	1	8014
m	865	120	10	10	0	0	60s	100	1	8014
m	846	168	10	10	0	0	60s	100	1	8014
m	821	205	10	10	0	0	60s	100	1	8014
m	831	197	10	10	0	0	60s	100	1	8014
m	901	121	10	10	0	0	60s	100	1	8014
m	902	146	10	10	0	0	60s	100	1	8014
m	900	188	10	10	0	0	60s	100	1	8014
m	933	183	10	10	0	0	60s	100	1	8014
m	928	221	10	10	0	0	60s	100	1	8014
m	938	218	10	10	0	0	60s	100	1	8014
m	966	162	10	10	0	0	60s	100	1	8014
m	942	207	10	10	0	0	60s	100	1	8014
m	940	237	10	10	0	0	60s	100	1	8014
m	981	185	10	10	0	0	60s	100	1	8014
m	973	227	10	10	0	0	60s	100	1	8014
m	986	221	10	10	0	0	60s	100	1	8014
m	997	151	10	10	0	0	60s	100	1	8014
m	1056	156	10	10	0	0	60s	100	1	8014
m	1019	186	10	10	0	0	60s	100	1	8014
m	1026	151	10	10	0	0	60s	100	1	8014
m	1086	197	10	10	0	0	60s	100	1	8014
m	1092	193	10	10	0	0	60s	100	1	8014
m	1092	135	10	10	0	0	60s	100	1	8014
m	1108	151	10	10	0	0	60s	100	1	8014
m	1135	181	10	10	0	0	60s	100	1	8014
m	1140	228	10	10	0	0	60s	100	1	8014
m	1132	256	10	10	0	0	60s	100	1	8014
m	1107	272	10	10	0	0	60s	100	1	8014
m	1164	261	10	10	0	0	60s	100	1	8014
m	1160	210	10	10	0	0	60s	100	1	8014
m	1139	163	10	10	0	0	60s	100	1	8014
m	1138	139	10	10	0	0	60s	100	1	8014
m	1145	120	10	10	0	0	60s	100	1	8014
m	1157	135	10	10	0	0	60s	100	1	8014
m	1160	166	10	10	0	0	60s	100	1	8014
m	1158	186	10	10	0	0	60s	100	1	8014
m	1286	619	10	10	0	0	60s	100	1	8014
m	1255	636	10	10	0	0	60s	100	1	8014
m	1264	724	10	10	0	0	60s	100	1	8014
m	1226	700	10	10	0	0	60s	100	1	8014
m	1191	743	10	10	0	0	60s	100	1	8014
m	1154	785	10	10	0	0	60s	100	1	8014
m	1133	839	10	10	0	0	60s	100	1	8014
m	1167	777	10	10	0	0	60s	100	1	8014
m	1237	679	10	10	0	0	60s	100	1	8014
m	1322	713	10	10	0	0	60s	100	1	8014
m	1341	799	10	10	0	0	60s	100	1	8014
m	1320	812	10	10	0	0	60s	100	1	8014
m	1277	695	10	10	0	0	60s	100	1	8014
m	1344	823	10	10	0	0	60s	100	1	8014
m	1483	665	10	10	0	0	60s	100	1	8014
m	1400	716	10	10	0	0	60s	100	1	8014
m	1421	783	10	10	0	0	60s	100	1	8014
m	1362	812	10	10	0	0	60s	100	1	8014
m	1285	820	10	10	0	0	60s	100	1	8014
m	1215	662	10	10	0	0	60s	100	1	8014
m	1165	793	10	10	0	0	60s	100	1	8014
m	1181	817	10	10	0	0	60s	100	1	8014
m	1133	852	10	10	0	0	60s	100	1	8014
m	1109	882	10	10	0	0	60s	100	1	8014
m	1028	892	10	10	0	0	60s	100	1	8014
m	983	863	10	10	0	0	60s	100	1	8014
m	951	807	10	10	0	0	60s	100	1	8014
m	932	793	10	10	0	0	60s	100	1	8014
m	895	833	10	10	0	0	60s	100	1	8014
m	911	874	10	10	0	0	60s	100	1	8014
m	943	839	10	10	0	0	60s	100	1	8014
m	970	756	10	10	0	0	60s	100	1	8014
m	903	684	10	10	0	0	60s	100	1	8014
m	930	737	10	10	0	0	60s	100	1	8014
m	975	740	10	10	0	0	60s	100	1	8014
m	964	687	10	10	0	0	60s	100	1	8014
m	922	703	10	10	0	0	60s	100	1	8014
m	948	756	10	10	0	0	60s	100	1	8014
m	817	652	10	10	0	0	60s	100	1	8014
m	737	670	10	10	0	0	60s	100	1	8014
m	727	729	10	10	0	0	60s	100	1	8014
m	791	743	10	10	0	0	60s	100	1	8014
m	705	681	10	10	0	0	60s	100	1	8014
m	673	764	10	10	0	0	60s	100	1	8014
m	700	812	10	10	0	0	60s	100	1	8014
m	711	700	10	10	0	0	60s	100	1	8014
m	665	767	10	10	0	0	60s	100	1	8014
m	735	839	10	10	0	0	60s	100	1	8014
m	759	857	10	10	0	0	60s	100	1	8014
m	628	852	10	10	0	0	60s	100	1	8014
m	617	871	10	10	0	0	60s	100	1	8014
m	681	817	10	10	0	0	60s	100	1	8014
m	711	713	10	10	0	0	60s	100	1	8014
m	681	860	10	10	0	0	60s	100	1	8014
m	542	852	10	10	0	0	60s	100	1	8014
m	510	820	10	10	0	0	60s	100	1	8014
m	561	780	10	10	0	0	60s	100	1	8014
m	574	860	10	10	0	0	60s	100	1	8014
m	553	874	10	10	0	0	60s	100	1	8014
m	588	807	10	10	0	0	60s	100	1	8014
m	574	716	10	10	0	0	60s	100	1	8014
m	508	668	10	10	0	0	60s	100	1	8014
m	425	681	10	10	0	0	60s	100	1	8014
m	403	711	10	10	0	0	60s	100	1	8014
m	481	711	10	10	0	0	60s	100	1	8014
m	489	697	10	10	0	0	60s	100	1	8014
m	406	748	10	10	0	0	60s	100	1	8014
m	478	743	10	10	0	0	60s	100	1	8014
m	462	711	10	10	0	0	60s	100	1	8014
m	387	751	10	10	0	0	60s	100	1	8014
m	403	833	10	10	0	0	60s	100	1	8014
m	465	860	10	10	0	0	60s	100	1	8014
m	350	785	10	10	0	0	60s	100	1	8014
m	390	836	10	10	0	0	60s	100	1	8014
m	467	871	10	10	0	0	60s	100	1	8014
m	489	874	10	10	0	0	60s	100	1	8014
m	398	777	10	10	0	0	60s	100	1	8014
m	441	713	10	10	0	0	60s	100	1	8014
m	443	729	10	10	0	0	60s	100	1	8014
m	438	796	10	10	0	0	60s	100	1	8014
m	510	871	10	10	0	0	60s	100	1	8014
m	427	817	10	10	0	0	60s	100	1	8014
m	438	716	10	10	0	0	60s	100	1	8014
m	497	660	10	10	0	0	60s	100	1	8014
m	566	705	10	10	0	0	60s	100	1	8014
m	521	711	10	10	0	0	60s	100	1	8014
m	459	684	10	10	0	0	60s	100	1	8014
m	585	679	10	10	0	0	60s	100	1	8014
m	580	660	10	10	0	0	60s	100	1	8014
m	628	852	10	10	0	0	60s	100	1	8014
m	705	1018	10	10	0	0	60s	100	1	8014
m	668	1015	10	10	0	0	60s	100	1	8014
m	799	1010	10	10	0	0	60s	100	1	8014
m	676	986	10	10	0	0	60s	100	1	8014
m	748	1036	10	10	0	0	60s	100	1	8014
m	735	1106	10	10	0	0	60s	100	1	8014
m	740	1205	10	10	0	0	60s	100	1	8014
m	817	1146	10	10	0	0	60s	100	1	8014
m	689	1109	10	10	0	0	60s	100	1	8014
m	796	1186	10	10	0	0	60s	100	1	8014
m	823	1178	10	10	0	0	60s	100	1	8014
m	839	1178	10	10	0	0	60s	100	1	8014
m	721	1082	10	10	0	0	60s	100	1	8014
m	756	1082	10	10	0	0	60s	100	1	8014
m	759	1170	10	10	0	0	60s	100	1	8014
m	812	1077	10	10	0	0	60s	100	1	8014
m	793	1044	10	10	0	0	60s	100	1	8014
m	799	1114	10	10	0	0	60s	100	1	8014
m	727	1127	10	10	0	0	60s	100	1	8014
m	716	1186	10	10	0	0	60s	100	1	8014
m	839	1079	10	10	0	0	60s	100	1	8014
m	855	1004	10	10	0	0	60s	100	1	8014
m	898	975	10	10	0	0	60s	100	1	8014
m	964	986	10	10	0	0	60s	100	1	8014
m	943	1055	10	10	0	0	60s	100	1	8014
m	938	1101	10	10	0	0	60s	100	1	8014
m	999	1117	10	10	0	0	60s	100	1	8014
m	938	1175	10	10	0	0	60s	100	1	8014
m	946	1205	10	10	0	0	60s	100	1	8014
m	1007	1165	10	10	0	0	60s	100	1	8014
m	1036	1114	10	10	0	0	60s	100	1	8014
m	1034	1052	10	10	0	0	60s	100	1	8014
m	1042	1189	10	10	0	0	60s	100	1	8014
m	1109	1149	10	10	0	0	60s	100	1	8014
m	1119	1125	10	10	0	0	60s	100	1	8014
m	1141	1069	10	10	0	0	60s	100	1	8014
m	1101	1018	10	10	0	0	60s	100	1	8014
m	1095	1111	10	10	0	0	60s	100	1	8014
m	1165	1122	10	10	0	0	60s	100	1	8014
m	1117	1090	10	10	0	0	60s	100	1	8014
m	1138	1047	10	10	0	0	60s	100	1	8014
m	1205	996	10	10	0	0	60s	100	1	8014
m	1253	1095	10	10	0	0	60s	100	1	8014
m	1213	1143	10	10	0	0	60s	100	1	8014
m	1186	1079	10	10	0	0	60s	100	1	8014
m	1202	1052	10	10	0	0	60s	100	1	8014
m	1218	1093	10	10	0	0	60s	100	1	8014
m	1202	1186	10	10	0	0	60s	100	1	8014
m	1280	1205	10	10	0	0	60s	100	1	8014
m	1325	1165	10	10	0	0	60s	100	1	8014
m	1253	1071	10	10	0	0	60s	100	1	8014
m	1261	1026	10	10	0	0	60s	100	1	8014
m	1309	1012	10	10	0	0	60s	100	1	8014
m	1298	1109	10	10	0	0	60s	100	1	8014
m	1245	1127	10	10	0	0	60s	100	1	8014
m	1290	1050	10	10	0	0	60s	100	1	8014
m	1330	1031	10	10	0	0	60s	100	1	8014
m	1354	1074	10	10	0	0	60s	100	1	8014
m	1338	1093	10	10	0	0	60s	100	1	8014
m	1378	994	10	10	0	0	60s	100	1	8014
m	1424	1002	10	10	0	0	60s	100	1	8014
m	1453	1098	10	10	0	0	60s	100	1	8014
m	1416	1122	10	10	0	0	60s	100	1	8014
m	1338	1125	10	10	0	0	60s	100	1	8014
m	1443	1175	10	10	0	0	60s	100	1	8014
m	1405	1346	10	10	0	0	60s	100	1	8014
m	1296	1317	10	10	0	0	60s	100	1	8014
m	1264	1328	10	10	0	0	60s	100	1	8014
m	1312	1373	10	10	0	0	60s	100	1	8014
m	1402	1333	10	10	0	0	60s	100	1	8014
m	1386	1386	10	10	0	0	60s	100	1	8014
m	1373	1432	10	10	0	0	60s	100	1	8014
m	1245	1416	10	10	0	0	60s	100	1	8014
m	1242	1413	10	10	0	0	60s	100	1	8014
m	1344	1432	10	10	0	0	60s	100	1	8014
m	1440	1386	10	10	0	0	60s	100	1	8014
m	1472	1437	10	10	0	0	60s	100	1	8014
m	1285	1405	10	10	0	0	60s	100	1	8014
m	1250	1443	10	10	0	0	60s	100	1	8014
m	1159	1434	10	10	0	0	60s	100	1	8014
m	1111	1386	10	10	0	0	60s	100	1	8014
m	1090	1354	10	10	0	0	60s	100	1	8014
m	1020	1336	10	10	0	0	60s	100	1	8014
m	951	1330	10	10	0	0	60s	100	1	8014
m	916	1352	10	10	0	0	60s	100	1	8014
m	914	1394	10	10	0	0	60s	100	1	8014
m	940	1432	10	10	0	0	60s	100	1	8014
m	1034	1453	10	10	0	0	60s	100	1	8014
m	1085	1445	10	10	0	0	60s	100	1	8014
m	1090	1445	10	10	0	0	60s	100	1	8014
m	927	1424	10	10	0	0	60s	100	1	8014
m	991	1440	10	10	0	0	60s	100	1	8014
m	1122	1448	10	10	0	0	60s	100	1	8014
m	1143	1416	10	10	0	0	60s	100	1	8014
m	1125	1392	10	10	0	0	60s	100	1	8014
m	1098	1386	10	10	0	0	60s	100	1	8014
m	1186	1392	10	10	0	0	60s	100	1	8014
m	1159	1381	10	10	0	0	60s	100	1	8014
m	1052	1336	10	10	0	0	60s	100	1	8014
m	988	1333	10	10	0	0	60s	100	1	8014
m	980	1296	10	10	0	0	60s	100	1	8014
m	900	1314	10	10	0	0	60s	100	1	8014
m	839	1317	10	10	0	0	60s	100	1	8014
m	817	1336	10	10	0	0	60s	100	1	8014
m	847	1389	10	10	0	0	60s	100	1	8014
m	852	1400	10	10	0	0	60s	100	1	8014
m	804	1397	10	10	0	0	60s	100	1	8014
m	724	1352	10	10	0	0	60s	100	1	8014
m	719	1397	10	10	0	0	60s	100	1	8014
m	751	1408	10	10	0	0	60s	100	1	8014
m	692	1421	10	10	0	0	60s	100	1	8014
m	652	1400	10	10	0	0	60s	100	1	8014
m	687	1314	10	10	0	0	60s	100	1	8014
m	716	1333	10	10	0	0	60s	100	1	8014
m	657	1349	10	10	0	0	60s	100	1	8014
m	593	1333	10	10	0	0	60s	100	1	8014
m	590	1373	10	10	0	0	60s	100	1	8014
m	622	1410	10	10	0	0	60s	100	1	8014
m	585	1416	10	10	0	0	60s	100	1	8014
m	529	1397	10	10	0	0	60s	100	1	8014
m	537	1344	10	10	0	0	60s	100	1	8014
m	601	1320	10	10	0	0	60s	100	1	8014
m	574	1370	10	10	0	0	60s	100	1	8014
m	518	1368	10	10	0	0	60s	100	1	8014
m	481	1322	10	10	0	0	60s	100	1	8014
m	438	1290	10	10	0	0	60s	100	1	8014
m	382	1306	10	10	0	0	60s	100	1	8014
m	366	1362	10	10	0	0	60s	100	1	8014
m	382	1392	10	10	0	0	60s	100	1	8014
m	395	1392	10	10	0	0	60s	100	1	8014
m	366	1434	10	10	0	0	60s	100	1	8014
m	307	1429	10	10	0	0	60s	100	1	8014
m	358	1405	10	10	0	0	60s	100	1	8014
m	291	1418	10	10	0	0	60s	100	1	8014
m	230	1405	10	10	0	0	60s	100	1	8014
m	208	1376	10	10	0	0	60s	100	1	8014
m	192	1325	10	10	0	0	60s	100	1	8014
m	128	1304	10	10	0	0	60s	100	1	8014
m	99	1306	10	10	0	0	60s	100	1	8014
m	104	1349	10	10	0	0	60s	100	1	8014
m	144	1384	10	10	0	0	60s	100	1	8014
m	235	1378	10	10	0	0	60s	100	1	8014
m	208	1336	10	10	0	0	60s	100	1	8014
m	222	1392	10	10	0	0	60s	100	1	8014
m	208	1421	10	10	0	0	60s	100	1	8014
m	147	1418	10	10	0	0	60s	100	1	8014
m	102	1400	10	10	0	0	60s	100	1	8014
m	118	1440	10	10	0	0	60s	100	1	8014
m	182	1402	10	10	0	0	60s	100	1	8014
m	200	1394	10	10	0	0	60s	100	1	8014
m	259	1413	10	10	0	0	60s	100	1	8014
m	251	1397	10	10	0	0	60s	100	1	8014
m	139	1103	10	10	0	0	60s	100	1	8014
m	112	1002	10	10	0	0	60s	100	1	8014
m	107	967	10	10	0	0	60s	100	1	8014
m	80	943	10	10	0	0	60s	100	1	8014
m	102	1028	10	10	0	0	60s	100	1	8014
m	136	1077	10	10	0	0	60s	100	1	8014
m	152	1117	10	10	0	0	60s	100	1	8014
m	131	1149	10	10	0	0	60s	100	1	8014
m	139	1183	10	10	0	0	60s	100	1	8014
m	203	1189	10	10	0	0	60s	100	1	8014
m	219	1170	10	10	0	0	60s	100	1	8014
m	358	1175	10	10	0	0	60s	100	1	8014
m	369	1133	10	10	0	0	60s	100	1	8014
m	361	1106	10	10	0	0	60s	100	1	8014
m	382	1170	10	10	0	0	60s	100	1	8014
m	366	1199	10	10	0	0	60s	100	1	8014
m	315	1175	10	10	0	0	60s	100	1	8014
m	347	1109	10	10	0	0	60s	100	1	8014
m	369	1109	10	10	0	0	60s	100	1	8014
m	363	1157	10	10	0	0	60s	100	1	8014
m	305	1151	10	10	0	0	60s	100	1	8014
m	280	1117	10	10	0	0	60s	100	1	8014
m	331	1122	10	10	0	0	60s	100	1	8014
m	358	1119	10	10	0	0	60s	100	1	8014
m	398	1055	10	10	0	0	60s	100	1	8014
m	406	1085	10	10	0	0	60s	100	1	8014
m	406	1125	10	10	0	0	60s	100	1	8014
m	390	1085	10	10	0	0	60s	100	1	8014
m	409	1002	10	10	0	0	60s	100	1	8014
m	433	1093	10	10	0	0	60s	100	1	8014
m	433	1111	10	10	0	0	60s	100	1	8014
m	459	1058	10	10	0	0	60s	100	1	8014
m	467	996	10	10	0	0	60s	100	1	8014
m	443	1042	10	10	0	0	60s	100	1	8014
m	441	1044	10	10	0	0	60s	100	1	8014
m	457	972	10	10	0	0	60s	100	1	8014
m	505	964	10	10	0	0	60s	100	1	8014
m	572	986	10	10	0	0	60s	100	1	8014
m	577	991	10	10	0	0	60s	100	1	8014
m	176	676	10	10	0	0	60s	100	1	8014
m	144	716	10	10	0	0	60s	100	1	8014
m	150	769	10	10	0	0	60s	100	1	8014
m	174	788	10	10	0	0	60s	100	1	8014
m	168	831	10	10	0	0	60s	100	1	8014
m	118	825	10	10	0	0	60s	100	1	8014
m	85	820	10	10	0	0	60s	100	1	8014
m	155	866	10	10	0	0	60s	100	1	8014
m	216	866	10	10	0	0	60s	100	1	8014
m	230	839	10	10	0	0	60s	100	1	8014
m	214	817	10	10	0	0	60s	100	1	8014
m	198	783	10	10	0	0	60s	100	1	8014
m	238	740	10	10	0	0	60s	100	1	8014
m	262	735	10	10	0	0	60s	100	1	8014
m	259	681	10	10	0	0	60s	100	1	8014
m	243	662	10	10	0	0	60s	100	1	8014
m	224	657	10	10	0	0	60s	100	1	8014
m	179	687	10	10	0	0	60s	100	1	8014
m	142	689	10	10	0	0	60s	100	1	8014
m	96	670	10	10	0	0	60s	100	1	8014
m	99	652	10	10	0	0	60s	100	1	8014
m	96	614	10	10	0	0	60s	100	1	8014
m	102	553	10	10	0	0	60s	100	1	8014
m	112	497	10	10	0	0	60s	100	1	8014
m	190	473	10	10	0	0	60s	100	1	8014
m	155	534	10	10	0	0	60s	100	1	8014
m	163	486	10	10	0	0	60s	100	1	8014
m	206	419	10	10	0	0	60s	100	1	8014
m	216	409	10	10	0	0	60s	100	1	8014
m	219	398	10	10	0	0	60s	100	1	8014
m	179	395	10	10	0	0	60s	100	1	8014
m	131	422	10	10	0	0	60s	100	1	8014
m	142	459	10	10	0	0	60s	100	1	8014
m	152	470	10	10	0	0	60s	100	1	8014
m	753	1042	10	10	0	0	60s	100	1	8014
m	711	1085	10	10	0	0	60s	100	1	8014
m	703	1143	10	10	0	0	60s	100	1	8014
m	684	1178	10	10	0	0	60s	100	1	8014
m	596	1181	10	10	0	0	60s	100	1	8014
m	561	1181	10	10	0	0	60s	100	1	8014
m	500	1173	10	10	0	0	60s	100	1	8014
m	451	1141	10	10	0	0	60s	100	1	8014
m	425	1117	10	10	0	0	60s	100	1	8014
m	425	1114	10	10	0	0	60s	100	1	8014
m	451	1101	10	10	0	0	60s	100	1	8014
m	438	1138	10	10	0	0	60s	100	1	8014
m	387	1149	10	10	0	0	60s	100	1	8014
m	355	1114	10	10	0	0	60s	100	1	8014
m	355	1012	10	10	0	0	60s	100	1	8014
m	387	972	10	10	0	0	60s	100	1	8014
m	478	959	10	10	0	0	60s	100	1	8014
m	526	954	10	10	0	0	60s	100	1	8014
m	606	951	10	10	0	0	60s	100	1	8014
m	695	967	10	10	0	0	60s	100	1	8014
m	785	1007	10	10	0	0	60s	100	1	8014
m	732	791	10	10	0	0	60s	100	1	8014
m	697	849	10	10	0	0	60s	100	1	8014
m	729	876	10	10	0	0	60s	100	1	8014
m	988	1098	10	10	0	0	60s	100	1	8014
m	940	1141	10	10	0	0	60s	100	1	8014
m	962	1167	10	10	0	0	60s	100	1	8014
m	1023	1170	10	10	0	0	60s	100	1	8014
m	996	1125	10	10	0	0	60s	100	1	8014
m	954	1050	10	10	0	0	60s	100	1	8014
m	978	1077	10	10	0	0	60s	100	1	8014
m	1063	1151	10	10	0	0	60s	100	1	8014
m	1101	1138	10	10	0	0	60s	100	1	8014
m	1039	1052	10	10	0	0	60s	100	1	8014
m	1039	1109	10	10	0	0	60s	100	1	8014
m	1154	1069	10	10	0	0	60s	100	1	8014
m	1111	1071	10	10	0	0	60s	100	1	8014
m	1143	1090	10	10	0	0	60s	100	1	8014
m	1170	1090	10	10	0	0	60s	100	1	8014
m	1098	1154	10	10	0	0	60s	100	1	8014
m	1098	1159	10	10	0	0	60s	100	1	8014
m	1036	1141	10	10	0	0	60s	100	1	8014
m	1119	1031	10	10	0	0	60s	100	1	8014
m	1189	1034	10	10	0	0	60s	100	1	8014
m	1095	1042	10	10	0	0	60s	100	1	8014
m	1082	1063	10	10	0	0	60s	100	1	8014
m	1296	1044	10	10	0	0	60s	100	1	8014
m	1304	1071	10	10	0	0	60s	100	1	8014
m	1285	1146	10	10	0	0	60s	100	1	8014
m	1245	1170	10	10	0	0	60s	100	1	8014
m	1183	1138	10	10	0	0	60s	100	1	8014
m	1330	1007	10	10	0	0	60s	100	1	8014
m	1389	1135	10	10	0	0	60s	100	1	8014
m	1397	1098	10	10	0	0	60s	100	1	8014
m	1400	1039	10	10	0	0	60s	100	1	8014
m	1445	1074	10	10	0	0	60s	100	1	8014
m	1394	1023	10	10	0	0	60s	100	1	8014
m	1381	1106	10	10	0	0	60s	100	1	8014
m	1296	1386	10	10	0	0	60s	100	1	8014
m	1173	1341	10	10	0	0	60s	100	1	8014
m	1186	1296	10	10	0	0	60s	100	1	8014
m	1231	1317	10	10	0	0	60s	100	1	8014
m	1157	1309	10	10	0	0	60s	100	1	8014
m	1242	1317	10	10	0	0	60s	100	1	8014
m	1173	1400	10	10	0	0	60s	100	1	8014
m	1141	1418	10	10	0	0	60s	100	1	8014
m	1141	1440	10	10	0	0	60s	100	1	8014
m	999	1448	10	10	0	0	60s	100	1	8014
m	978	1456	10	10	0	0	60s	100	1	8014
m	1002	1440	10	10	0	0	60s	100	1	8014
m	924	1424	10	10	0	0	60s	100	1	8014
m	860	1386	10	10	0	0	60s	100	1	8014
m	879	1320	10	10	0	0	60s	100	1	8014
m	956	1285	10	10	0	0	60s	100	1	8014
m	996	1314	10	10	0	0	60s	100	1	8014
m	903	1325	10	10	0	0	60s	100	1	8014
m	820	1357	10	10	0	0	60s	100	1	8014
m	751	1360	10	10	0	0	60s	100	1	8014
m	711	1338	10	10	0	0	60s	100	1	8014
m	684	1322	10	10	0	0	60s	100	1	8014
m	676	1320	10	10	0	0	60s	100	1	8014
m	681	1357	10	10	0	0	60s	100	1	8014
m	740	1386	10	10	0	0	60s	100	1	8014
m	601	1402	10	10	0	0	60s	100	1	8014
m	590	1413	10	10	0	0	60s	100	1	8014
m	767	1416	10	10	0	0	60s	100	1	8014
m	561	1360	10	10	0	0	60s	100	1	8014
m	574	1317	10	10	0	0	60s	100	1	8014
m	740	1298	10	10	0	0	60s	100	1	8014
m	769	1298	10	10	0	0	60s	100	1	8014
m	825	1333	10	10	0	0	60s	100	1	8014
m	825	1357	10	10	0	0	60s	100	1	8014
m	1071	1394	10	10	0	0	60s	100	1	8014
m	1298	1410	10	10	0	0	60s	100	1	8014
m	1346	1408	10	10	0	0	60s	100	1	8014
m	1362	1424	10	10	0	0	60s	100	1	8014
m	1301	1357	10	10	0	0	60s	100	1	8014
m	1370	1312	10	10	0	0	60s	100	1	8014
m	1410	1336	10	10	0	0	60s	100	1	8014
m	1445	1381	10	10	0	0	60s	100	1	8014
m	625	1384	10	10	0	0	60s	100	1	8014
m	513	1352	10	10	0	0	60s	100	1	8014
m	497	1394	10	10	0	0	60s	100	1	8014
m	556	1416	10	10	0	0	60s	100	1	8014
m	580	1397	10	10	0	0	60s	100	1	8014
m	457	1362	10	10	0	0	60s	100	1	8014
m	393	1301	10	10	0	0	60s	100	1	8014
m	358	1357	10	10	0	0	60s	100	1	8014
m	387	1400	10	10	0	0	60s	100	1	8014
m	403	1413	10	10	0	0	60s	100	1	8014
m	262	1440	10	10	0	0	60s	100	1	8014
m	206	1440	10	10	0	0	60s	100	1	8014
m	144	1402	10	10	0	0	60s	100	1	8014
m	163	1354	10	10	0	0	60s	100	1	8014
m	243	1352	10	10	0	0	60s	100	1	8014
m	232	1346	10	10	0	0	60s	100	1	8014
m	182	1146	10	10	0	0	60s	100	1	8014
m	128	1125	10	10	0	0	60s	100	1	8014
m	115	1036	10	10	0	0	60s	100	1	8014
m	184	1114	10	10	0	0	60s	100	1	8014
m	174	1071	10	10	0	0	60s	100	1	8014
m	123	994	10	10	0	0	60s	100	1	8014
m	88	906	10	10	0	0	60s	100	1	8014
m	110	972	10	10	0	0	60s	100	1	8014
m	152	1061	10	10	0	0	60s	100	1	8014
m	192	1036	10	10	0	0	60s	100	1	8014
m	230	1034	10	10	0	0	60s	100	1	8014
m	251	1055	10	10	0	0	60s	100	1	8014
m	75	1010	10	10	0	0	60s	100	1	8014
m	91	906	10	10	0	0	60s	100	1	8014
m	112	801	10	10	0	0	60s	100	1	8014
m	144	857	10	10	0	0	60s	100	1	8014
m	96	895	10	10	0	0	60s	100	1	8014
m	112	866	10	10	0	0	60s	100	1	8014
m	203	767	10	10	0	0	60s	100	1	8014
m	222	716	10	10	0	0	60s	100	1	8014
m	187	673	10	10	0	0	60s	100	1	8014
m	179	713	10	10	0	0	60s	100	1	8014
m	216	817	10	10	0	0	60s	100	1	8014
m	235	833	10	10	0	0	60s	100	1	8014
m	99	604	10	10	0	0	60s	100	1	8014
m	123	467	10	10	0	0	60s	100	1	8014
m	171	411	10	10	0	0	60s	100	1	8014
m	222	441	10	10	0	0	60s	100	1	8014
m	238	497	10	10	0	0	60s	100	1	8014
m	243	510	10	10	0	0	60s	100	1	8014
m	248	419	10	10	0	0	60s	100	1	8014
m	286	371	10	10	0	0	60s	100	1	8014
m	361	358	10	10	0	0	60s	100	1	8014
m	414	446	10	10	0	0	60s	100	1	8014
m	422	486	10	10	0	0	60s	100	1	8014
m	438	529	10	10	0	0	60s	100	1	8014
m	516	545	10	10	0	0	60s	100	1	8014
m	497	454	10	10	0	0	60s	100	1	8014
m	441	441	10	10	0	0	60s	100	1	8014
m	564	524	10	10	0	0	60s	100	1	8014
m	601	497	10	10	0	0	60s	100	1	8014
m	598	419	10	10	0	0	60s	100	1	8014
m	641	411	10	10	0	0	60s	100	1	8014
m	679	465	10	10	0	0	60s	100	1	8014
m	668	470	10	10	0	0	60s	100	1	8014
m	668	401	10	10	0	0	60s	100	1	8014
m	705	427	10	10	0	0	60s	100	1	8014
m	719	497	10	10	0	0	60s	100	1	8014
m	866	462	10	10	0	0	60s	100	1	8014
m	895	529	10	10	0	0	60s	100	1	8014
m	948	775	10	10	0	0	60s	100	1	8014
m	927	788	10	10	0	0	60s	100	1	8014
m	922	791	10	10	0	0	60s	100	1	8014
m	876	751	10	10	0	0	60s	100	1	8014
m	898	700	10	10	0	0	60s	100	1	8014
m	924	772	10	10	0	0	60s	100	1	8014
m	975	828	10	10	0	0	60s	100	1	8014
m	1074	884	10	10	0	0	60s	100	1	8014
m	1127	849	10	10	0	0	60s	100	1	8014
m	1154	767	10	10	0	0	60s	100	1	8014
m	1157	724	10	10	0	0	60s	100	1	8014
m	1165	654	10	10	0	0	60s	100	1	8014
m	1194	641	10	10	0	0	60s	100	1	8014
m	1197	788	10	10	0	0	60s	100	1	8014
m	1101	775	10	10	0	0	60s	100	1	8014
m	1122	684	10	10	0	0	60s	100	1	8014
m	1181	711	10	10	0	0	60s	100	1	8014
m	1167	804	10	10	0	0	60s	100	1	8014
m	1141	833	10	10	0	0	60s	100	1	8014
m	1178	809	10	10	0	0	60s	100	1	8014
m	1237	668	10	10	0	0	60s	100	1	8014
m	1272	692	10	10	0	0	60s	100	1	8014
m	1288	799	10	10	0	0	60s	100	1	8014
m	1253	839	10	10	0	0	60s	100	1	8014
m	1226	735	10	10	0	0	60s	100	1	8014
m	1264	772	10	10	0	0	60s	100	1	8014
m	1285	831	10	10	0	0	60s	100	1	8014
m	1199	791	10	10	0	0	60s	100	1	8014
m	1229	775	10	10	0	0	60s	100	1	8014
m	1293	788	10	10	0	0	60s	100	1	8014
m	1280	804	10	10	0	0	60s	100	1	8014
m	1229	847	10	10	0	0	60s	100	1	8014
m	1215	892	10	10	0	0	60s	100	1	8014
m	1149	871	10	10	0	0	60s	100	1	8014
m	1141	863	10	10	0	0	60s	100	1	8014
m	1191	852	10	10	0	0	60s	100	1	8014
m	1114	1061	10	10	0	0	60s	100	1	8014
m	988	1090	10	10	0	0	60s	100	1	8014
m	999	1111	10	10	0	0	60s	100	1	8014
m	1031	1143	10	10	0	0	60s	100	1	8014
m	1138	1135	10	10	0	0	60s	100	1	8014
m	1012	1218	10	10	0	0	60s	100	1	8014
m	972	1215	10	10	0	0	60s	100	1	8014
m	1229	1159	10	10	0	0	60s	100	1	8014
m	1264	1199	10	10	0	0	60s	100	1	8014
m	1280	1194	10	10	0	0	60s	100	1	8014
m	1202	1090	10	10	0	0	60s	100	1	8014
m	1221	1052	10	10	0	0	60s	100	1	8014
m	1165	999	10	10	0	0	60s	100	1	8014
m	1261	1020	10	10	0	0	60s	100	1	8014
m	1274	1028	10	10	0	0	60s	100	1	8014
m	1205	1061	10	10	0	0	60s	100	1	8014
m	1183	1023	10	10	0	0	60s	100	1	8014
m	743	1093	10	10	0	0	60s	100	1	8014
m	705	991	10	10	0	0	60s	100	1	8014
m	660	1066	10	10	0	0	60s	100	1	8014
m	670	1106	10	10	0	0	60s	100	1	8014
m	713	1103	10	10	0	0	60s	100	1	8014
m	743	994	10	10	0	0	60s	100	1	8014
m	708	980	10	10	0	0	60s	100	1	8014
m	646	964	10	10	0	0	60s	100	1	8014
m	545	964	10	10	0	0	60s	100	1	8014
m	494	962	10	10	0	0	60s	100	1	8014
m	446	988	10	10	0	0	60s	100	1	8014
m	419	1023	10	10	0	0	60s	100	1	8014
m	374	1087	10	10	0	0	60s	100	1	8014
m	393	1119	10	10	0	0	60s	100	1	8014
m	331	1061	10	10	0	0	60s	100	1	8014
m	401	1018	10	10	0	0	60s	100	1	8014
m	406	1004	10	10	0	0	60s	100	1	8014
m	395	1191	10	10	0	0	60s	100	1	8014
m	299	1202	10	10	0	0	60s	100	1	8014
m	232	1183	10	10	0	0	60s	100	1	8014
m	184	1189	10	10	0	0	60s	100	1	8014
m	147	1178	10	10	0	0	60s	100	1	8014
m	334	1218	10	10	0	0	60s	100	1	8014
